dt	Hydro_stress	Devia_stress	Theta	Hydro_strain	Devia_strain	Theta_s
0	0	0	0	0	0	0
68	-0.57735	0.816497	60	-1.41855e-05	2.00613e-05	60
34	-1.1547	1.63299	60	-2.84602e-05	4.02488e-05	60
22.6667	-1.73205	2.44949	60	-4.2993e-05	6.08013e-05	60
17	-2.3094	3.26599	60	-5.79206e-05	8.19121e-05	60
13.6	-2.88675	4.08248	60	-7.33303e-05	0.000103705	60
11.3333	-3.4641	4.89898	60	-8.92517e-05	0.000126221	60
9.71429	-4.04145	5.71548	60	-0.000105659	0.000149425	60
8.5	-4.6188	6.53197	60	-0.000122485	0.00017322	60
7.55556	-5.19615	7.34847	60	-0.000139636	0.000197475	60
6.8	-5.7735	8.16497	60	-0.000157016	0.000222054	60
6.18182	-6.35085	8.98146	60	-0.000174537	0.000246833	60
5.66667	-6.9282	9.79796	60	-0.000192133	0.000271718	60
5.23077	-7.50555	10.6145	60	-0.000209758	0.000296643	60
4.85714	-8.0829	11.431	60	-0.000227385	0.000321571	60
4.53333	-8.66025	12.2474	60	-0.000244999	0.000346481	60
4.25	-9.2376	13.0639	60	-0.000262596	0.000371366	60
4	-9.81495	13.8804	60	-0.000280173	0.000396225	60
3.77778	-10.3923	14.6969	60	-0.000297734	0.000421059	60
3.57895	-10.9697	15.5134	60	-0.000315279	0.000445872	60
3.4	-11.547	16.3299	60	-0.000332813	0.000470669	60
3.2381	-12.1244	17.1464	60	-0.000350337	0.000495452	60
3.09091	-12.7017	17.9629	60	-0.000367855	0.000520226	60
2.95652	-13.2791	18.7794	60	-0.00038537	0.000544995	60
2.83333	-13.8564	19.5959	60	-0.000402884	0.000569765	60
2.72	-14.4338	20.4124	60	-0.000420402	0.000594539	60
2.61538	-15.0111	21.2289	60	-0.000437927	0.000619322	60
2.51852	-15.5885	22.0454	60	-0.000455462	0.00064412	60
2.42857	-16.1658	22.8619	60	-0.000473011	0.000668938	60
2.34483	-16.7432	23.6784	60	-0.000490577	0.000693781	60
2.26667	-17.3205	24.4949	60	-0.000508166	0.000718656	60
2.19355	-17.8979	25.3114	60	-0.000525782	0.000743568	60
2.125	-18.4752	26.1279	60	-0.000543428	0.000768524	60
2.06061	-19.0526	26.9444	60	-0.000561111	0.00079353	60
2	-19.6299	27.7609	60	-0.000578834	0.000818595	60
1.94286	-20.2073	28.5774	60	-0.000596604	0.000843726	60
1.88889	-20.7846	29.3939	60	-0.000614427	0.00086893	60
1.83784	-21.362	30.2104	60	-0.000632307	0.000894218	60
1.78947	-21.9393	31.0269	60	-0.000650253	0.000919597	60
1.74359	-22.5167	31.8434	60	-0.000668271	0.000945078	60
1.7	-23.094	32.6599	60	-0.000686368	0.000970672	60
1.65854	-23.6714	33.4764	60	-0.000704553	0.000996389	60
1.61905	-24.2487	34.2929	60	-0.000722834	0.00102224	60
1.5814	-24.8261	35.1094	60	-0.000741221	0.00104824	60
1.54545	-25.4034	35.9258	60	-0.000759723	0.00107441	60
1.51111	-25.9808	36.7423	60	-0.000778351	0.00110075	60
1.47826	-26.5581	37.5588	60	-0.000797117	0.00112729	60
1.44681	-27.1355	38.3753	60	-0.000816034	0.00115405	60
1.41667	-27.7128	39.1918	60	-0.000835116	0.00118103	60
1.38776	-28.2902	40.0083	60	-0.000854377	0.00120827	60
1.36	-28.8675	40.8248	60	-0.000873836	0.00123579	60
1.33333	-29.4449	41.6413	60	-0.000893509	0.00126361	60
1.30769	-30.0222	42.4578	60	-0.000913418	0.00129177	60
1.28302	-30.5996	43.2743	60	-0.000933586	0.00132029	60
1.25926	-31.1769	44.0908	60	-0.000954037	0.00134921	60
1.23636	-31.7543	44.9073	60	-0.000974801	0.00137858	60
1.21429	-32.3316	45.7238	60	-0.000995909	0.00140843	60
1.19298	-32.909	46.5403	60	-0.0010174	0.00143882	60
1.17241	-33.4863	47.3568	60	-0.00103931	0.00146981	60
1.15254	-34.0637	48.1733	60	-0.0010617	0.00150147	60
1.13333	-34.641	48.9898	60	-0.00108461	0.00153387	60
1.11475	-35.2184	49.8063	60	-0.00110812	0.00156712	60
1.09677	-35.7957	50.6228	60	-0.0011323	0.00160132	60
1.07937	-36.3731	51.4393	60	-0.00115726	0.00163661	60
1.0625	-36.9504	52.2558	60	-0.0011831	0.00167315	60
1.04615	-37.5278	53.0723	60	-0.00120996	0.00171115	60
1.0303	-38.1051	53.8888	60	-0.00123804	0.00175086	60
1.01493	-38.6825	54.7053	60	-0.00126757	0.00179262	60
1	-39.2598	55.5218	60	-0.00129887	0.00183688	60
1	-39.8372	56.3383	60	-0.00133237	0.00188426	60
1	-40.4145	57.1548	60	-0.00136873	0.00193567	60
1	-40.9919	57.9713	60	-0.00140892	0.00199252	60
1	-41.5692	58.7878	60	-0.00145465	0.00205719	60
1	-42.1466	59.6043	60	-0.00150924	0.00213439	60
1	-42.7239	60.4207	60	-0.00158099	0.00223586	60
1	-43.3013	61.2372	60	-0.00170676	0.00241373	60
1	-43.8786	62.0537	60	-0.00138912	0.00286294	0
1	-44.456	62.8702	60	-0.0013441	0.00292661	0
1	-45.0333	63.6867	60	7.87524e-05	0.00493883	0
1	-45.6107	64.5032	60	7.47619e-05	0.00494447	60
1	-46.188	65.3197	60	7.36866e-05	0.00494599	60
1	-46.7654	66.1362	60	7.26038e-05	0.00494752	60
1	-47.3427	66.9527	60	7.16035e-05	0.00494894	60
1	-47.9201	67.7692	60	7.04026e-05	0.00495063	60
1	-48.4974	68.5857	60	6.97924e-05	0.0049515	60
1	-49.0748	69.4022	60	6.64989e-05	0.00495615	60
1	-49.6521	70.2187	60	6.57968e-05	0.00495715	60
1	-50.2295	71.0352	60	6.36592e-05	0.00496017	60
1	-50.8068	71.8517	60	6.36058e-05	0.00496025	60
1	-51.3842	72.6682	60	3.54943e-05	0.005	60
1	-51.9615	73.4847	60	5.62472e-06	0.00504224	60
1	-52.5389	74.3012	60	-2.50792e-05	0.00508567	60
1	-53.1162	75.1177	60	-5.53713e-05	0.00512851	60
1	-53.6936	75.9342	60	-8.40681e-05	0.00516909	60
1	-54.2709	76.7507	60	-0.00011042	0.00520636	60
1	-54.8483	77.5672	60	-0.000134262	0.00524007	60
1	-55.4256	78.3837	60	-0.0001559	0.00527067	60
1	-56.003	79.2002	60	-0.000175881	0.00529893	60
1	-56.5803	80.0167	60	-0.000194765	0.00532564	60
1	-57.1577	80.8332	60	-0.000213	0.00535143	60
1	-57.735	81.6497	60	-0.000230887	0.00537672	60
1	-58.3124	82.4662	60	-0.000248599	0.00540177	60
1	-58.8897	83.2827	60	-0.000266227	0.0054267	60
1	-59.4671	84.0991	60	-0.000283812	0.00545157	60
1	-60.0444	84.9156	60	-0.000301373	0.0054764	60
1	-60.6218	85.7321	60	-0.000318916	0.00550121	60
1	-61.1991	86.5486	60	-0.000336448	0.00552601	60
1	-61.7765	87.3651	60	-0.00035397	0.00555079	60
1	-62.3538	88.1816	60	-0.000371487	0.00557556	60
1	-62.9312	88.9981	60	-0.000389002	0.00560033	60
1	-63.5085	89.8146	60	-0.000406517	0.0056251	60
1	-64.0859	90.6311	60	-0.000424036	0.00564988	60
1	-64.6632	91.4476	60	-0.000441562	0.00567466	60
1	-65.2406	92.2641	60	-0.0004591	0.00569946	60
1	-65.8179	93.0806	60	-0.000476652	0.00572429	60
1	-66.3953	93.8971	60	-0.000494223	0.00574914	60
1	-66.9726	94.7136	60	-0.000511817	0.00577402	60
1	-67.55	95.5301	60	-0.000529439	0.00579894	60
1	-68.1273	96.3466	60	-0.000547092	0.0058239	60
1	-68.7047	97.1631	60	-0.000564783	0.00584892	60
1	-69.282	97.9796	60	-0.000582515	0.005874	60
1	-69.8594	98.7961	60	-0.000600296	0.00589914	60
1	-70.4367	99.6126	60	-0.00061813	0.00592437	60
1	-71.0141	100.429	60	-0.000636023	0.00594967	60
1	-71.5914	101.246	60	-0.000653984	0.00597507	60
1	-72.1688	102.062	60	-0.000672017	0.00600057	60
1	-72.7461	102.879	60	-0.000690132	0.00602619	60
1	-73.3235	103.695	60	-0.000708336	0.00605194	60
1	-73.9008	104.512	60	-0.000726638	0.00607782	60
1	-74.4782	105.328	60	-0.000745048	0.00610386	60
1	-75.0555	106.145	60	-0.000763575	0.00613006	60
1	-75.6329	106.961	60	-0.000782231	0.00615644	60
1	-76.2102	107.778	60	-0.000801028	0.00618302	60
1	-76.7876	108.594	60	-0.000819977	0.00620982	60
1	-77.3649	109.411	60	-0.000839095	0.00623686	60
1	-77.9423	110.227	60	-0.000858396	0.00626415	60
1	-78.5196	111.044	60	-0.000877897	0.00629173	60
1	-79.097	111.86	60	-0.000897618	0.00631962	60
1	-79.6743	112.677	60	-0.000917578	0.00634785	60
1	-80.2517	113.493	60	-0.000937803	0.00637645	60
1	-80.829	114.31	60	-0.000958316	0.00640546	60
1	-81.4064	115.126	60	-0.000979149	0.00643492	60
1	-81.9837	115.943	60	-0.00100033	0.00646488	60
1	-82.5611	116.759	60	-0.00102191	0.00649539	60
1	-83.1384	117.576	60	-0.00104391	0.00652652	60
1	-83.7158	118.392	60	-0.0010664	0.00655832	60
1	-84.2931	119.209	60	-0.00108944	0.00659089	60
1	-84.8705	120.025	60	-0.00111308	0.00662433	60
1	-85.4478	120.841	60	-0.00113741	0.00665874	60
1	-86.0252	121.658	60	-0.00116254	0.00669428	60
1	-86.6025	122.474	60	-0.00118858	0.0067311	60
