Elastic_Modulus_1	Elastic_Modulus_2	Elastic_Modulus_3Poisson_ratio_12	Poisson_ratio_13	Poisson_ratio_23
40700	40700	40700	0.3	0.3	0.3
40445.7	40700	40700	0.3	0.3	0.3
39727.3	40700	40700	0.3	0.3	0.3
38676.7	40700	40700	0.3	0.3	0.3
37466.8	40700	40700	0.3	0.3	0.3
36262.6	40700	40700	0.3	0.3	0.3
35188	40700	40700	0.3	0.3	0.3
34313.8	40700	40700	0.3	0.3	0.3
33662.4	40700	40700	0.3	0.3	0.3
33220	40700	40700	0.3	0.3	0.3
32951	40700	40700	0.3	0.3	0.3
32811.1	40700	40700	0.3	0.3	0.3
32757.3	40700	40700	0.3	0.3	0.3
32754.5	40700	40700	0.3	0.3	0.3
32777.6	40700	40700	0.3	0.3	0.3
32810.8	40700	40700	0.3	0.3	0.3
32845.6	40700	40700	0.3	0.3	0.3
32877.8	40700	40700	0.3	0.3	0.3
32905.6	40700	40700	0.3	0.3	0.3
32928.4	40700	40700	0.3	0.3	0.3
32945.8	40700	40700	0.3	0.3	0.3
32957.7	40700	40700	0.3	0.3	0.3
32963.7	40700	40700	0.3	0.3	0.3
32963.8	40700	40700	0.3	0.3	0.3
32957.7	40700	40700	0.3	0.3	0.3
32945.2	40700	40700	0.3	0.3	0.3
32925.9	40700	40700	0.3	0.3	0.3
32899.6	40700	40700	0.3	0.3	0.3
32865.9	40700	40700	0.3	0.3	0.3
32824.6	40700	40700	0.3	0.3	0.3
32775.3	40700	40700	0.3	0.3	0.3
32717.6	40700	40700	0.3	0.3	0.3
32651.1	40700	40700	0.3	0.3	0.3
32575.4	40700	40700	0.3	0.3	0.3
32490.1	40700	40700	0.3	0.3	0.3
32394.8	40700	40700	0.3	0.3	0.3
32288.8	40700	40700	0.3	0.3	0.3
32171.8	40700	40700	0.3	0.3	0.3
32043.2	40700	40700	0.3	0.3	0.3
31902.4	40700	40700	0.3	0.3	0.3
31748.8	40700	40700	0.3	0.3	0.3
31581.8	40700	40700	0.3	0.3	0.3
31400.7	40700	40700	0.3	0.3	0.3
31204.8	40700	40700	0.3	0.3	0.3
30993.3	40700	40700	0.3	0.3	0.3
30765.5	40700	40700	0.3	0.3	0.3
30520.3	40700	40700	0.3	0.3	0.3
30256.9	40700	40700	0.3	0.3	0.3
29974.2	40700	40700	0.3	0.3	0.3
29671.2	40700	40700	0.3	0.3	0.3
29346.7	40700	40700	0.3	0.3	0.3
28999.4	40700	40700	0.3	0.3	0.3
28627.8	40700	40700	0.3	0.3	0.3
28230.5	40700	40700	0.3	0.3	0.3
27805.8	40700	40700	0.3	0.3	0.3
27351.7	40700	40700	0.3	0.3	0.3
26866.2	40700	40700	0.3	0.3	0.3
26346.9	40700	40700	0.3	0.3	0.3
25791.2	40700	40700	0.3	0.3	0.3
25196.2	40700	40700	0.3	0.3	0.3
24558.4	40700	40700	0.3	0.3	0.3
23873.8	40700	40700	0.3	0.3	0.3
23137.9	40700	40700	0.3	0.3	0.3
22345.1	40700	40700	0.3	0.3	0.3
21488.8	40700	40700	0.3	0.3	0.3
20561	40700	40700	0.3	0.3	0.3
19551.6	40700	40700	0.3	0.3	0.3
18447.7	40700	40700	0.3	0.3	0.3
17232.3	40700	40700	0.3	0.3	0.3
15882.1	40700	40700	0.3	0.3	0.3
14363.4	40700	40700	0.3	0.3	0.3
12624.3	40700	40700	0.3	0.3	0.3
10576.7	40700	40700	0.3	0.3	0.3
8046.69	40700	40700	0.3	0.3	0.3
4590.49	40700	40700	0.3	0.3	0.3
-1817.61	40700	40700	0.3	0.3	0.3
-12824.8	40700	40700	0.3	0.3	0.3
-405.769	40700	40700	0.3	0.3	0.3
144683	40700	40700	0.3	0.3	0.3
536884	40700	40700	0.3	0.3	0.3
533213	40700	40700	0.3	0.3	0.3
577164	40700	40700	0.3	0.3	0.3
480801	40700	40700	0.3	0.3	0.3
946093	40700	40700	0.3	0.3	0.3
175299	40700	40700	0.3	0.3	0.3
822297	40700	40700	0.3	0.3	0.3
270093	40700	40700	0.3	0.3	0.3
1.08139e+07	40700	40700	0.3	0.3	0.3
20537.9	40700	40700	0.3	0.3	0.3
19329	40700	40700	0.3	0.3	0.3
18803.8	40700	40700	0.3	0.3	0.3
19059.4	40700	40700	0.3	0.3	0.3
20119	40700	40700	0.3	0.3	0.3
21909	40700	40700	0.3	0.3	0.3
24216.5	40700	40700	0.3	0.3	0.3
26681.5	40700	40700	0.3	0.3	0.3
28895.2	40700	40700	0.3	0.3	0.3
30573.8	40700	40700	0.3	0.3	0.3
31661.6	40700	40700	0.3	0.3	0.3
32278.3	40700	40700	0.3	0.3	0.3
32595.5	40700	40700	0.3	0.3	0.3
32751.7	40700	40700	0.3	0.3	0.3
32831.8	40700	40700	0.3	0.3	0.3
32878.2	40700	40700	0.3	0.3	0.3
32909.4	40700	40700	0.3	0.3	0.3
32932.2	40700	40700	0.3	0.3	0.3
32948.7	40700	40700	0.3	0.3	0.3
32959.4	40700	40700	0.3	0.3	0.3
32964.2	40700	40700	0.3	0.3	0.3
32963.1	40700	40700	0.3	0.3	0.3
32955.7	40700	40700	0.3	0.3	0.3
32941.7	40700	40700	0.3	0.3	0.3
32921	40700	40700	0.3	0.3	0.3
32893.2	40700	40700	0.3	0.3	0.3
32858	40700	40700	0.3	0.3	0.3
32815.1	40700	40700	0.3	0.3	0.3
32764	40700	40700	0.3	0.3	0.3
32704.5	40700	40700	0.3	0.3	0.3
32636.2	40700	40700	0.3	0.3	0.3
32558.6	40700	40700	0.3	0.3	0.3
32471.2	40700	40700	0.3	0.3	0.3
32373.7	40700	40700	0.3	0.3	0.3
32265.5	40700	40700	0.3	0.3	0.3
32146.1	40700	40700	0.3	0.3	0.3
32015	40700	40700	0.3	0.3	0.3
31871.6	40700	40700	0.3	0.3	0.3
31715.3	40700	40700	0.3	0.3	0.3
31545.5	40700	40700	0.3	0.3	0.3
31361.4	40700	40700	0.3	0.3	0.3
31162.3	40700	40700	0.3	0.3	0.3
30947.5	40700	40700	0.3	0.3	0.3
30716.1	40700	40700	0.3	0.3	0.3
30467.2	40700	40700	0.3	0.3	0.3
30199.9	40700	40700	0.3	0.3	0.3
29913.1	40700	40700	0.3	0.3	0.3
29605.7	40700	40700	0.3	0.3	0.3
29276.6	40700	40700	0.3	0.3	0.3
28924.4	40700	40700	0.3	0.3	0.3
28547.6	40700	40700	0.3	0.3	0.3
28144.8	40700	40700	0.3	0.3	0.3
27714.1	40700	40700	0.3	0.3	0.3
27253.6	40700	40700	0.3	0.3	0.3
26761.3	40700	40700	0.3	0.3	0.3
26234.8	40700	40700	0.3	0.3	0.3
25671.2	40700	40700	0.3	0.3	0.3
25067.6	40700	40700	0.3	0.3	0.3
24420.4	40700	40700	0.3	0.3	0.3
23725.6	40700	40700	0.3	0.3	0.3
22978.3	40700	40700	0.3	0.3	0.3
22172.9	40700	40700	0.3	0.3	0.3
21302.5	40700	40700	0.3	0.3	0.3
