dHydro_strain	Plot_devia_strain	X1	Y1	X2	Y2	X3	Y3
-0.0028	0.00305798	0.00152899	0.00264828	-0.00305798	5.4134e-09	0.00152898	-0.00264829
-0.00281	0.00305794	0.00152897	0.00264825	-0.00305794	5.41333e-09	0.00152896	-0.00264826
-0.00282	0.00305782	0.00152891	0.00264815	-0.00305782	5.41312e-09	0.0015289	-0.00264815
-0.00283	0.00305762	0.00152881	0.00264798	-0.00305762	5.41278e-09	0.0015288	-0.00264799
-0.00284	0.00305735	0.00152868	0.00264774	-0.00305735	5.4123e-09	0.00152867	-0.00264775
-0.00285	0.003057	0.0015285	0.00264744	-0.003057	5.41167e-09	0.00152849	-0.00264745
-0.00286	0.00305657	0.00152829	0.00264707	-0.00305657	5.41091e-09	0.00152828	-0.00264707
-0.00287	0.00305606	0.00152803	0.00264663	-0.00305606	5.41002e-09	0.00152802	-0.00264663
-0.00288	0.00305548	0.00152774	0.00264612	-0.00305548	5.40898e-09	0.00152773	-0.00264613
-0.00289	0.00305482	0.00152741	0.00264555	-0.00305482	5.40781e-09	0.0015274	-0.00264555
-0.0029	0.00305407	0.00152704	0.00264491	-0.00305407	5.4065e-09	0.00152703	-0.00264491
-0.00291	0.00305326	0.00152663	0.0026442	-0.00305326	5.40505e-09	0.00152662	-0.0026442
-0.00292	0.00305236	0.00152618	0.00264342	-0.00305236	5.40346e-09	0.00152617	-0.00264343
-0.00293	0.00305138	0.00152569	0.00264258	-0.00305138	5.40173e-09	0.00152568	-0.00264258
-0.00294	0.00305033	0.00152517	0.00264166	-0.00305033	5.39987e-09	0.00152516	-0.00264167
-0.00295	0.0030492	0.0015246	0.00264068	-0.0030492	5.39786e-09	0.00152459	-0.00264069
-0.00296	0.00304799	0.001524	0.00263964	-0.00304799	5.39572e-09	0.00152399	-0.00263964
-0.00297	0.0030467	0.00152335	0.00263852	-0.0030467	5.39345e-09	0.00152334	-0.00263853
-0.00298	0.00304534	0.00152267	0.00263734	-0.00304534	5.39103e-09	0.00152266	-0.00263735
-0.00299	0.00304389	0.00152195	0.00263609	-0.00304389	5.38847e-09	0.00152194	-0.0026361
-0.003	0.00304237	0.00152119	0.00263477	-0.00304237	5.38578e-09	0.00152118	-0.00263478
-0.00301	0.00304077	0.00152039	0.00263339	-0.00304077	5.38295e-09	0.00152038	-0.00263339
-0.00302	0.0030391	0.00151955	0.00263194	-0.0030391	5.37998e-09	0.00151954	-0.00263194
-0.00303	0.00303734	0.00151867	0.00263042	-0.00303734	5.37687e-09	0.00151866	-0.00263042
-0.00304	0.00303551	0.00151775	0.00262883	-0.00303551	5.37363e-09	0.00151774	-0.00262883
-0.00305	0.0030336	0.0015168	0.00262717	-0.0030336	5.37025e-09	0.00151679	-0.00262718
-0.00306	0.00303161	0.0015158	0.00262545	-0.00303161	5.36672e-09	0.00151579	-0.00262545
-0.00307	0.00302954	0.00151477	0.00262366	-0.00302954	5.36306e-09	0.00151476	-0.00262366
-0.00308	0.0030274	0.0015137	0.0026218	-0.0030274	5.35927e-09	0.00151369	-0.00262181
-0.00309	0.00302517	0.00151259	0.00261988	-0.00302517	5.35533e-09	0.00151258	-0.00261988
-0.0031	0.00302287	0.00151144	0.00261788	-0.00302287	5.35126e-09	0.00151143	-0.00261789
-0.00311	0.00302049	0.00151025	0.00261582	-0.00302049	5.34704e-09	0.00151024	-0.00261583
-0.00312	0.00301803	0.00150902	0.00261369	-0.00301803	5.34269e-09	0.00150901	-0.0026137
-0.00313	0.0030155	0.00150775	0.0026115	-0.0030155	5.33821e-09	0.00150774	-0.0026115
-0.00314	0.00301289	0.00150644	0.00260924	-0.00301289	5.33358e-09	0.00150643	-0.00260924
-0.00315	0.00301019	0.0015051	0.0026069	-0.00301019	5.32882e-09	0.00150509	-0.00260691
-0.00316	0.00300743	0.00150371	0.00260451	-0.00300743	5.32391e-09	0.0015037	-0.00260451
-0.00317	0.00300458	0.00150229	0.00260204	-0.00300458	5.31887e-09	0.00150228	-0.00260205
-0.00318	0.00300165	0.00150083	0.00259951	-0.00300165	5.31369e-09	0.00150082	-0.00259951
-0.00319	0.00299865	0.00149932	0.00259691	-0.00299865	5.30838e-09	0.00149932	-0.00259691
-0.0032	0.00299557	0.00149778	0.00259424	-0.00299557	5.30292e-09	0.00149777	-0.00259424
-0.00321	0.00299241	0.0014962	0.0025915	-0.00299241	5.29733e-09	0.00149619	-0.00259151
-0.00322	0.00298917	0.00149459	0.0025887	-0.00298917	5.2916e-09	0.00149458	-0.0025887
-0.00323	0.00298586	0.00149293	0.00258583	-0.00298586	5.28573e-09	0.00149292	-0.00258583
-0.00324	0.00298246	0.00149123	0.00258289	-0.00298246	5.27972e-09	0.00149122	-0.00258289
-0.00325	0.00297899	0.0014895	0.00257988	-0.00297899	5.27358e-09	0.00148949	-0.00257989
-0.00326	0.00297544	0.00148772	0.00257681	-0.00297544	5.26729e-09	0.00148771	-0.00257681
-0.00327	0.00297181	0.00148591	0.00257367	-0.00297181	5.26087e-09	0.0014859	-0.00257367
-0.00328	0.00296811	0.00148405	0.00257046	-0.00296811	5.25431e-09	0.00148405	-0.00257046
-0.00329	0.00296432	0.00148216	0.00256718	-0.00296432	5.24762e-09	0.00148215	-0.00256719
-0.0033	0.00296046	0.00148023	0.00256384	-0.00296046	5.24078e-09	0.00148022	-0.00256384
-0.00331	0.00295652	0.00147826	0.00256042	-0.00295652	5.23381e-09	0.00147825	-0.00256043
-0.00332	0.00295251	0.00147625	0.00255695	-0.00295251	5.22669e-09	0.00147624	-0.00255695
-0.00333	0.00294841	0.00147421	0.0025534	-0.00294841	5.21944e-09	0.0014742	-0.0025534
-0.00334	0.00294424	0.00147212	0.00254978	-0.00294424	5.21206e-09	0.00147211	-0.00254979
-0.00335	0.00293999	0.00146999	0.0025461	-0.00293999	5.20453e-09	0.00146998	-0.00254611
-0.00336	0.00293566	0.00146783	0.00254235	-0.00293566	5.19686e-09	0.00146782	-0.00254236
-0.00337	0.00293125	0.00146562	0.00253854	-0.00293125	5.18906e-09	0.00146562	-0.00253854
-0.00338	0.00292676	0.00146338	0.00253465	-0.00292676	5.18112e-09	0.00146337	-0.00253466
-0.00339	0.0029222	0.0014611	0.0025307	-0.0029222	5.17304e-09	0.00146109	-0.0025307
-0.0034	0.00291756	0.00145878	0.00252668	-0.00291756	5.16483e-09	0.00145877	-0.00252668
-0.00341	0.00291284	0.00145642	0.00252259	-0.00291284	5.15647e-09	0.00145641	-0.0025226
-0.00342	0.00290804	0.00145402	0.00251844	-0.00290804	5.14798e-09	0.00145401	-0.00251844
-0.00343	0.00290317	0.00145158	0.00251421	-0.00290317	5.13935e-09	0.00145157	-0.00251422
-0.00344	0.00289821	0.00144911	0.00250992	-0.00289821	5.13058e-09	0.0014491	-0.00250993
-0.00345	0.00289318	0.00144659	0.00250557	-0.00289318	5.12167e-09	0.00144658	-0.00250557
-0.00346	0.00288807	0.00144404	0.00250114	-0.00288807	5.11263e-09	0.00144403	-0.00250115
-0.00347	0.00288288	0.00144144	0.00249665	-0.00288288	5.10344e-09	0.00144143	-0.00249665
-0.00348	0.00287762	0.00143881	0.00249209	-0.00287762	5.09412e-09	0.0014388	-0.00249209
-0.00349	0.00287227	0.00143614	0.00248746	-0.00287227	5.08466e-09	0.00143613	-0.00248747
-0.0035	0.00286685	0.00143343	0.00248277	-0.00286685	5.07506e-09	0.00143342	-0.00248277
-0.00351	0.00286135	0.00143068	0.002478	-0.00286135	5.06533e-09	0.00143067	-0.00247801
-0.00352	0.00285577	0.00142789	0.00247317	-0.00285577	5.05545e-09	0.00142788	-0.00247318
-0.00353	0.00285012	0.00142506	0.00246828	-0.00285012	5.04544e-09	0.00142505	-0.00246828
-0.00354	0.00284439	0.00142219	0.00246331	-0.00284439	5.03529e-09	0.00142218	-0.00246331
-0.00355	0.00283857	0.00141929	0.00245828	-0.00283857	5.025e-09	0.00141928	-0.00245828
-0.00356	0.00283268	0.00141634	0.00245318	-0.00283268	5.01458e-09	0.00141633	-0.00245318
-0.00357	0.00282672	0.00141336	0.00244801	-0.00282672	5.00401e-09	0.00141335	-0.00244801
-0.00358	0.00282067	0.00141034	0.00244277	-0.00282067	4.99331e-09	0.00141033	-0.00244278
-0.00359	0.00281455	0.00140727	0.00243747	-0.00281455	4.98247e-09	0.00140726	-0.00243747
-0.0036	0.00280834	0.00140417	0.0024321	-0.00280834	4.97149e-09	0.00140416	-0.0024321
-0.00361	0.00280206	0.00140103	0.00242666	-0.00280206	4.96037e-09	0.00140102	-0.00242666
-0.00362	0.00279571	0.00139785	0.00242115	-0.00279571	4.94912e-09	0.00139784	-0.00242116
-0.00363	0.00278927	0.00139464	0.00241558	-0.00278927	4.93773e-09	0.00139463	-0.00241558
-0.00364	0.00278276	0.00139138	0.00240994	-0.00278276	4.92619e-09	0.00139137	-0.00240994
-0.00365	0.00277617	0.00138808	0.00240423	-0.00277617	4.91453e-09	0.00138807	-0.00240423
-0.00366	0.0027695	0.00138475	0.00239845	-0.0027695	4.90272e-09	0.00138474	-0.00239846
-0.00367	0.00276275	0.00138137	0.00239261	-0.00276275	4.89077e-09	0.00138137	-0.00239261
-0.00368	0.00275592	0.00137796	0.0023867	-0.00275592	4.87869e-09	0.00137795	-0.0023867
-0.00369	0.00274902	0.00137451	0.00238072	-0.00274902	4.86647e-09	0.0013745	-0.00238072
-0.0037	0.00274204	0.00137102	0.00237467	-0.00274204	4.85411e-09	0.00137101	-0.00237468
-0.00371	0.00273498	0.00136749	0.00236856	-0.00273498	4.84161e-09	0.00136748	-0.00236856
-0.00372	0.00272784	0.00136392	0.00236238	-0.00272784	4.82897e-09	0.00136391	-0.00236238
-0.00373	0.00272062	0.00136031	0.00235613	-0.00272062	4.8162e-09	0.0013603	-0.00235613
-0.00374	0.00271333	0.00135666	0.00234981	-0.00271333	4.80329e-09	0.00135666	-0.00234982
-0.00375	0.00270596	0.00135298	0.00234343	-0.00270596	4.79024e-09	0.00135297	-0.00234343
-0.00376	0.00269851	0.00134925	0.00233698	-0.00269851	4.77705e-09	0.00134925	-0.00233698
-0.00377	0.00269098	0.00134549	0.00233046	-0.00269098	4.76372e-09	0.00134548	-0.00233046
-0.00378	0.00268337	0.00134169	0.00232387	-0.00268337	4.75026e-09	0.00134168	-0.00232387
-0.00379	0.00267569	0.00133784	0.00231721	-0.00267569	4.73666e-09	0.00133784	-0.00231722
-0.0038	0.00266793	0.00133396	0.00231049	-0.00266793	4.72292e-09	0.00133396	-0.0023105
-0.00381	0.00266009	0.00133004	0.0023037	-0.00266009	4.70904e-09	0.00133004	-0.00230371
-0.00382	0.00265217	0.00132608	0.00229685	-0.00265217	4.69502e-09	0.00132608	-0.00229685
-0.00383	0.00264417	0.00132209	0.00228992	-0.00264417	4.68087e-09	0.00132208	-0.00228993
-0.00384	0.0026361	0.00131805	0.00228293	-0.0026361	4.66657e-09	0.00131804	-0.00228293
-0.00385	0.00262795	0.00131397	0.00227587	-0.00262795	4.65214e-09	0.00131397	-0.00227587
-0.00386	0.00261972	0.00130986	0.00226874	-0.00261972	4.63757e-09	0.00130985	-0.00226875
-0.00387	0.00261141	0.0013057	0.00226155	-0.00261141	4.62286e-09	0.0013057	-0.00226155
-0.00388	0.00260302	0.00130151	0.00225428	-0.00260302	4.60802e-09	0.0013015	-0.00225429
-0.00389	0.00259456	0.00129728	0.00224695	-0.00259456	4.59304e-09	0.00129727	-0.00224696
-0.0039	0.00258602	0.00129301	0.00223956	-0.00258602	4.57791e-09	0.001293	-0.00223956
-0.00391	0.0025774	0.0012887	0.00223209	-0.0025774	4.56265e-09	0.00128869	-0.0022321
-0.00392	0.0025687	0.00128435	0.00222456	-0.0025687	4.54726e-09	0.00128434	-0.00222456
-0.00393	0.00255992	0.00127996	0.00221696	-0.00255992	4.53172e-09	0.00127995	-0.00221696
-0.00394	0.00255107	0.00127553	0.00220929	-0.00255107	4.51605e-09	0.00127553	-0.0022093
-0.00395	0.00254214	0.00127107	0.00220156	-0.00254214	4.50023e-09	0.00127106	-0.00220156
-0.00396	0.00253313	0.00126656	0.00219375	-0.00253313	4.48428e-09	0.00126656	-0.00219376
-0.00397	0.00252404	0.00126202	0.00218588	-0.00252404	4.4682e-09	0.00126201	-0.00218589
-0.00398	0.00251487	0.00125744	0.00217794	-0.00251487	4.45197e-09	0.00125743	-0.00217795
-0.00399	0.00250563	0.00125281	0.00216994	-0.00250563	4.43561e-09	0.00125281	-0.00216994
-0.004	0.00249631	0.00124815	0.00216186	-0.00249631	4.4191e-09	0.00124815	-0.00216187
-0.00401	0.00248691	0.00124345	0.00215372	-0.00248691	4.40246e-09	0.00124345	-0.00215373
-0.00402	0.00247743	0.00123871	0.00214552	-0.00247743	4.38568e-09	0.00123871	-0.00214552
-0.00403	0.00246787	0.00123394	0.00213724	-0.00246787	4.36877e-09	0.00123393	-0.00213724
-0.00404	0.00245824	0.00122912	0.0021289	-0.00245824	4.35171e-09	0.00122911	-0.0021289
-0.00405	0.00244853	0.00122426	0.00212049	-0.00244853	4.33452e-09	0.00122426	-0.00212049
-0.00406	0.00243874	0.00121937	0.00211201	-0.00243874	4.31719e-09	0.00121936	-0.00211201
-0.00407	0.00242887	0.00121443	0.00210346	-0.00242887	4.29972e-09	0.00121443	-0.00210346
-0.00408	0.00241892	0.00120946	0.00209485	-0.00241892	4.28211e-09	0.00120945	-0.00209485
-0.00409	0.0024089	0.00120445	0.00208617	-0.0024089	4.26436e-09	0.00120444	-0.00208617
-0.0041	0.00239879	0.0011994	0.00207742	-0.00239879	4.24648e-09	0.00119939	-0.00207742
-0.00411	0.00238861	0.00119431	0.0020686	-0.00238861	4.22846e-09	0.0011943	-0.0020686
-0.00412	0.00237836	0.00118918	0.00205972	-0.00237836	4.2103e-09	0.00118917	-0.00205972
-0.00413	0.00236802	0.00118401	0.00205077	-0.00236802	4.192e-09	0.001184	-0.00205077
-0.00414	0.00235761	0.0011788	0.00204175	-0.00235761	4.17357e-09	0.0011788	-0.00204175
-0.00415	0.00234711	0.00117356	0.00203266	-0.00234711	4.15499e-09	0.00117355	-0.00203266
-0.00416	0.00233654	0.00116827	0.00202351	-0.00233654	4.13628e-09	0.00116826	-0.00202351
-0.00417	0.00232589	0.00116295	0.00201428	-0.00232589	4.11743e-09	0.00116294	-0.00201429
-0.00418	0.00231517	0.00115758	0.00200499	-0.00231517	4.09844e-09	0.00115758	-0.002005
-0.00419	0.00230436	0.00115218	0.00199564	-0.00230436	4.07931e-09	0.00115217	-0.00199564
-0.0042	0.00229348	0.00114674	0.00198621	-0.00229348	4.06005e-09	0.00114673	-0.00198622
-0.00421	0.00228252	0.00114126	0.00197672	-0.00228252	4.04065e-09	0.00114125	-0.00197673
-0.00422	0.00227148	0.00113574	0.00196716	-0.00227148	4.02111e-09	0.00113573	-0.00196717
-0.00423	0.00226037	0.00113018	0.00195753	-0.00226037	4.00143e-09	0.00113018	-0.00195754
-0.00424	0.00224917	0.00112459	0.00194784	-0.00224917	3.98161e-09	0.00112458	-0.00194784
-0.00425	0.0022379	0.00111895	0.00193808	-0.0022379	3.96166e-09	0.00111894	-0.00193808
-0.00426	0.00222655	0.00111327	0.00192825	-0.00222655	3.94156e-09	0.00111327	-0.00192825
-0.00427	0.00221512	0.00110756	0.00191835	-0.00221512	3.92133e-09	0.00110755	-0.00191835
-0.00428	0.00220361	0.00110181	0.00190839	-0.00220361	3.90096e-09	0.0011018	-0.00190839
-0.00429	0.00219203	0.00109602	0.00189835	-0.00219203	3.88046e-09	0.00109601	-0.00189836
-0.0043	0.00218037	0.00109018	0.00188825	-0.00218037	3.85981e-09	0.00109018	-0.00188826
-0.00431	0.00216863	0.00108431	0.00187809	-0.00216863	3.83903e-09	0.00108431	-0.00187809
-0.00432	0.00215681	0.0010784	0.00186785	-0.00215681	3.8181e-09	0.0010784	-0.00186785
-0.00433	0.00214491	0.00107246	0.00185755	-0.00214491	3.79704e-09	0.00107245	-0.00185755
-0.00434	0.00213294	0.00106647	0.00184718	-0.00213294	3.77585e-09	0.00106646	-0.00184718
-0.00435	0.00212089	0.00106044	0.00183674	-0.00212089	3.75451e-09	0.00106044	-0.00183674
-0.00436	0.00210875	0.00105438	0.00182624	-0.00210875	3.73304e-09	0.00105437	-0.00182624
-0.00437	0.00209655	0.00104827	0.00181566	-0.00209655	3.71142e-09	0.00104827	-0.00181567
-0.00438	0.00208426	0.00104213	0.00180502	-0.00208426	3.68967e-09	0.00104212	-0.00180503
-0.00439	0.0020719	0.00103595	0.00179431	-0.0020719	3.66779e-09	0.00103594	-0.00179432
-0.0044	0.00205945	0.00102973	0.00178354	-0.00205945	3.64576e-09	0.00102972	-0.00178354
-0.00441	0.00204693	0.00102347	0.0017727	-0.00204693	3.62359e-09	0.00102346	-0.0017727
-0.00442	0.00203433	0.00101717	0.00176178	-0.00203433	3.60129e-09	0.00101716	-0.00176179
-0.00443	0.00202166	0.00101083	0.00175081	-0.00202166	3.57885e-09	0.00101082	-0.00175081
-0.00444	0.0020089	0.00100445	0.00173976	-0.0020089	3.55627e-09	0.00100445	-0.00173976
-0.00445	0.00199607	0.000998035	0.00172865	-0.00199607	3.53356e-09	0.000998029	-0.00172865
-0.00446	0.00198316	0.00099158	0.00171747	-0.00198316	3.5107e-09	0.000991574	-0.00171747
-0.00447	0.00197017	0.000985085	0.00170622	-0.00197017	3.48771e-09	0.000985079	-0.00170622
-0.00448	0.0019571	0.000978552	0.0016949	-0.0019571	3.46458e-09	0.000978546	-0.00169491
-0.00449	0.00194396	0.00097198	0.00168352	-0.00194396	3.44131e-09	0.000971974	-0.00168352
-0.0045	0.00193074	0.000965368	0.00167207	-0.00193074	3.4179e-09	0.000965363	-0.00167207
-0.00451	0.00191744	0.000958718	0.00166055	-0.00191744	3.39435e-09	0.000958712	-0.00166055
-0.00452	0.00190406	0.000952029	0.00164896	-0.00190406	3.37067e-09	0.000952023	-0.00164897
-0.00453	0.0018906	0.000945301	0.00163731	-0.0018906	3.34685e-09	0.000945295	-0.00163731
-0.00454	0.00187707	0.000938533	0.00162559	-0.00187707	3.32289e-09	0.000938527	-0.00162559
-0.00455	0.00186345	0.000931727	0.0016138	-0.00186345	3.29879e-09	0.000931721	-0.0016138
-0.00456	0.00184976	0.000924882	0.00160194	-0.00184976	3.27455e-09	0.000924876	-0.00160195
-0.00457	0.00183599	0.000917997	0.00159002	-0.00183599	3.25018e-09	0.000917992	-0.00159002
-0.00458	0.00182215	0.000911074	0.00157803	-0.00182215	3.22567e-09	0.000911068	-0.00157803
-0.00459	0.00180822	0.000904111	0.00156597	-0.00180822	3.20102e-09	0.000904106	-0.00156597
-0.0046	0.00179422	0.00089711	0.00155384	-0.00179422	3.17623e-09	0.000897105	-0.00155384
-0.00461	0.00178014	0.00089007	0.00154165	-0.00178014	3.1513e-09	0.000890064	-0.00154165
-0.00462	0.00176598	0.00088299	0.00152938	-0.00176598	3.12624e-09	0.000882985	-0.00152939
-0.00463	0.00175174	0.000875872	0.00151705	-0.00175174	3.10104e-09	0.000875867	-0.00151706
-0.00464	0.00173743	0.000868715	0.00150466	-0.00173743	3.0757e-09	0.000868709	-0.00150466
-0.00465	0.00172304	0.000861518	0.00149219	-0.00172304	3.05022e-09	0.000861513	-0.0014922
-0.00466	0.00170857	0.000854283	0.00147966	-0.00170857	3.0246e-09	0.000854278	-0.00147966
-0.00467	0.00169402	0.000847008	0.00146706	-0.00169402	2.99884e-09	0.000847003	-0.00146706
-0.00468	0.00167939	0.000839695	0.00145439	-0.00167939	2.97295e-09	0.00083969	-0.0014544
-0.00469	0.00166469	0.000832343	0.00144166	-0.00166469	2.94692e-09	0.000832338	-0.00144166
-0.0047	0.0016499	0.000824951	0.00142886	-0.0016499	2.92075e-09	0.000824946	-0.00142886
-0.00471	0.00163504	0.000817521	0.00141599	-0.00163504	2.89444e-09	0.000817516	-0.00141599
-0.00472	0.0016201	0.000810051	0.00140305	-0.0016201	2.868e-09	0.000810046	-0.00140305
-0.00473	0.00160509	0.000802543	0.00139005	-0.00160509	2.84141e-09	0.000802538	-0.00139005
-0.00474	0.00158999	0.000794996	0.00137697	-0.00158999	2.81469e-09	0.000794991	-0.00137698
-0.00475	0.00157482	0.000787409	0.00136383	-0.00157482	2.78783e-09	0.000787404	-0.00136384
-0.00476	0.00155957	0.000779784	0.00135062	-0.00155957	2.76083e-09	0.000779779	-0.00135063
-0.00477	0.00154424	0.000772119	0.00133735	-0.00154424	2.7337e-09	0.000772115	-0.00133735
-0.00478	0.00152883	0.000764416	0.00132401	-0.00152883	2.70642e-09	0.000764411	-0.00132401
-0.00479	0.00151335	0.000756673	0.0013106	-0.00151335	2.67901e-09	0.000756669	-0.0013106
-0.0048	0.00149778	0.000748892	0.00129712	-0.00149778	2.65146e-09	0.000748887	-0.00129712
-0.00481	0.00148214	0.000741071	0.00128357	-0.00148214	2.62377e-09	0.000741067	-0.00128358
-0.00482	0.00146642	0.000733212	0.00126996	-0.00146642	2.59595e-09	0.000733207	-0.00126996
-0.00483	0.00145063	0.000725314	0.00125628	-0.00145063	2.56798e-09	0.000725309	-0.00125628
-0.00484	0.00143475	0.000717376	0.00124253	-0.00143475	2.53988e-09	0.000717372	-0.00124253
-0.00485	0.0014188	0.0007094	0.00122872	-0.0014188	2.51164e-09	0.000709395	-0.00122872
-0.00486	0.00140277	0.000701384	0.00121483	-0.00140277	2.48326e-09	0.00070138	-0.00121484
-0.00487	0.00138666	0.00069333	0.00120088	-0.00138666	2.45474e-09	0.000693325	-0.00120088
-0.00488	0.00137047	0.000685236	0.00118686	-0.00137047	2.42609e-09	0.000685232	-0.00118687
-0.00489	0.00135421	0.000677104	0.00117278	-0.00135421	2.39729e-09	0.000677099	-0.00117278
-0.0049	0.00133786	0.000668932	0.00115862	-0.00133786	2.36836e-09	0.000668928	-0.00115863
-0.00491	0.00132144	0.000660722	0.0011444	-0.00132144	2.33929e-09	0.000660718	-0.00114441
-0.00492	0.00130494	0.000652472	0.00113011	-0.00130494	2.31009e-09	0.000652468	-0.00113012
-0.00493	0.00128837	0.000644184	0.00111576	-0.00128837	2.28074e-09	0.00064418	-0.00111576
-0.00494	0.00127171	0.000635856	0.00110133	-0.00127171	2.25126e-09	0.000635852	-0.00110134
-0.00495	0.00125498	0.00062749	0.00108684	-0.00125498	2.22163e-09	0.000627486	-0.00108685
-0.00496	0.00123817	0.000619084	0.00107228	-0.00123817	2.19187e-09	0.00061908	-0.00107229
-0.00497	0.00122128	0.000610639	0.00105766	-0.00122128	2.16198e-09	0.000610636	-0.00105766
-0.00498	0.00120431	0.000602156	0.00104296	-0.00120431	2.13194e-09	0.000602152	-0.00104297
-0.00499	0.00118727	0.000593633	0.0010282	-0.00118727	2.10177e-09	0.00059363	-0.00102821
-0.005	0.00117014	0.000585072	0.00101337	-0.00117014	2.07145e-09	0.000585068	-0.00101338
-0.00501	0.00115294	0.000576471	0.000998477	-0.00115294	2.041e-09	0.000576468	-0.00099848
-0.00502	0.00113566	0.000567832	0.000983513	-0.00113566	2.01042e-09	0.000567828	-0.000983515
-0.00503	0.00111831	0.000559153	0.000968482	-0.00111831	1.97969e-09	0.00055915	-0.000968484
-0.00504	0.00110087	0.000550436	0.000953382	-0.00110087	1.94882e-09	0.000550432	-0.000953384
-0.00505	0.00108336	0.000541679	0.000938216	-0.00108336	1.91782e-09	0.000541676	-0.000938217
-0.00506	0.00106577	0.000532883	0.000922981	-0.00106577	1.88668e-09	0.00053288	-0.000922983
-0.00507	0.0010481	0.000524049	0.000907679	-0.0010481	1.8554e-09	0.000524046	-0.000907681
-0.00508	0.00103035	0.000515175	0.00089231	-0.00103035	1.82398e-09	0.000515172	-0.000892311
-0.00509	0.00101253	0.000506263	0.000876873	-0.00101253	1.79243e-09	0.00050626	-0.000876874
-0.0051	0.000994622	0.000497311	0.000861368	-0.000994622	1.76074e-09	0.000497308	-0.00086137
-0.00511	0.000976641	0.00048832	0.000845796	-0.000976641	1.7289e-09	0.000488317	-0.000845798
-0.00512	0.000958582	0.000479291	0.000830156	-0.000958582	1.69694e-09	0.000479288	-0.000830158
-0.00513	0.000940444	0.000470222	0.000814449	-0.000940444	1.66483e-09	0.000470219	-0.00081445
-0.00514	0.000922229	0.000461115	0.000798674	-0.000922229	1.63258e-09	0.000461112	-0.000798676
-0.00515	0.000903936	0.000451968	0.000782831	-0.000903936	1.6002e-09	0.000451965	-0.000782833
-0.00516	0.000885565	0.000442782	0.000766922	-0.000885565	1.56768e-09	0.00044278	-0.000766923
-0.00517	0.000867115	0.000433558	0.000750944	-0.000867115	1.53502e-09	0.000433555	-0.000750946
-0.00518	0.000848588	0.000424294	0.000734899	-0.000848588	1.50222e-09	0.000424291	-0.0007349
-0.00519	0.000829983	0.000414991	0.000718786	-0.000829983	1.46928e-09	0.000414989	-0.000718788
-0.0052	0.0008113	0.00040565	0.000702606	-0.0008113	1.43621e-09	0.000405647	-0.000702607
-0.00521	0.000792538	0.000396269	0.000686358	-0.000792538	1.403e-09	0.000396267	-0.00068636
-0.00522	0.000773699	0.000386849	0.000670043	-0.000773699	1.36965e-09	0.000386847	-0.000670044
-0.00523	0.000754782	0.000377391	0.00065366	-0.000754782	1.33616e-09	0.000377389	-0.000653661
-0.00524	0.000735786	0.000367893	0.00063721	-0.000735786	1.30253e-09	0.000367891	-0.000637211
-0.00525	0.000716713	0.000358356	0.000620692	-0.000716713	1.26877e-09	0.000358354	-0.000620693
-0.00526	0.000697562	0.000348781	0.000604106	-0.000697562	1.23486e-09	0.000348779	-0.000604107
-0.00527	0.000678332	0.000339166	0.000587453	-0.000678332	1.20082e-09	0.000339164	-0.000587454
-0.00528	0.000659025	0.000329512	0.000570732	-0.000659025	1.16664e-09	0.00032951	-0.000570733
-0.00529	0.000639639	0.00031982	0.000553944	-0.000639639	1.13233e-09	0.000319818	-0.000553945
-0.0053	0.000620176	0.000310088	0.000537088	-0.000620176	1.09787e-09	0.000310086	-0.000537089
-0.00531	0.000600635	0.000300317	0.000520165	-0.000600635	1.06328e-09	0.000300316	-0.000520166
-0.00532	0.000581015	0.000290508	0.000503174	-0.000581015	1.02855e-09	0.000290506	-0.000503175
-0.00533	0.000561318	0.000280659	0.000486116	-0.000561318	9.93677e-10	0.000280657	-0.000486117
-0.00534	0.000541542	0.000270771	0.00046899	-0.000541542	9.58669e-10	0.00027077	-0.00046899
-0.00535	0.000521689	0.000260845	0.000451796	-0.000521689	9.23523e-10	0.000260843	-0.000451797
-0.00536	0.000501758	0.000250879	0.000434535	-0.000501758	8.8824e-10	0.000250877	-0.000434536
-0.00537	0.000481748	0.000240874	0.000417206	-0.000481748	8.52818e-10	0.000240873	-0.000417207
-0.00538	0.000461661	0.00023083	0.00039981	-0.000461661	8.17258e-10	0.000230829	-0.000399811
-0.00539	0.000441495	0.000220748	0.000382346	-0.000441495	7.8156e-10	0.000220746	-0.000382347
-0.0054	0.000421252	0.000210626	0.000364815	-0.000421252	7.45724e-10	0.000210625	-0.000364815
-0.00541	0.00040093	0.000200465	0.000347216	-0.00040093	7.09749e-10	0.000200464	-0.000347216
-0.00542	0.000380531	0.000190265	0.000329549	-0.000380531	6.73637e-10	0.000190264	-0.00032955
-0.00543	0.000360053	0.000180027	0.000311815	-0.000360053	6.37386e-10	0.000180025	-0.000311816
-0.00544	0.000339498	0.000169749	0.000294014	-0.000339498	6.00998e-10	0.000169748	-0.000294014
-0.00545	0.000318864	0.000159432	0.000276144	-0.000318864	5.64471e-10	0.000159431	-0.000276145
-0.00546	0.000298153	0.000149076	0.000258208	-0.000298153	5.27807e-10	0.000149075	-0.000258208
-0.00547	0.000277363	0.000138682	0.000240203	-0.000277363	4.91004e-10	0.000138681	-0.000240204
-0.00548	0.000256495	0.000128248	0.000222132	-0.000256495	4.54063e-10	0.000128247	-0.000222132
-0.00549	0.00023555	0.000117775	0.000203992	-0.00023555	4.16984e-10	0.000117774	-0.000203993
-0.0055	0.000214526	0.000107263	0.000185785	-0.000214526	3.79767e-10	0.000107263	-0.000185786
-0.00551	0.000193425	9.67124e-05	0.000167511	-0.000193425	3.42411e-10	9.67118e-05	-0.000167511
-0.00552	0.000172245	8.61226e-05	0.000149169	-0.000172245	3.04918e-10	8.6122e-05	-0.000149169
-0.00553	0.000150988	7.54938e-05	0.000130759	-0.000150988	2.67287e-10	7.54933e-05	-0.000130759
-0.00554	0.000129652	6.4826e-05	0.000112282	-0.000129652	2.29517e-10	6.48256e-05	-0.000112282
-0.00555	0.000108238	5.41191e-05	9.37371e-05	-0.000108238	1.9161e-10	5.41188e-05	-9.37373e-05
-0.00556	8.67466e-05	4.33733e-05	7.51248e-05	-8.67466e-05	1.53564e-10	4.33731e-05	-7.5125e-05
-0.00557	6.5177e-05	3.25885e-05	5.64449e-05	-6.5177e-05	1.1538e-10	3.25883e-05	-5.64451e-05
-0.00558	4.35293e-05	2.17647e-05	3.76975e-05	-4.35293e-05	7.70581e-11	2.17645e-05	-3.76976e-05
-0.00559	2.18037e-05	1.09018e-05	1.88825e-05	-2.18037e-05	3.85981e-11	1.09018e-05	-1.88826e-05
-0.0056	1.45369e-16	7.26843e-17	1.25893e-16	-1.45369e-16	2.5734e-22	7.26839e-17	-1.25893e-16
