dHydro_strain	Plot_devia_strain	X1	Y1	X2	Y2	X3	Y3
0.000808081	0	0	0	-0	0	0	-0
0.000798081	0.0359703	0.0179852	0.0311512	-0.0359703	6.36767e-08	0.017985	-0.0311513
0.000788081	0.0516073	0.0258036	0.0446932	-0.0516073	9.13581e-08	0.0258035	-0.0446933
0.000778081	0.0636103	0.0318051	0.0550881	-0.0636103	1.12606e-07	0.0318049	-0.0550882
0.000768081	0.0737307	0.0368654	0.0638527	-0.0737307	1.30522e-07	0.0368651	-0.0638528
0.000758081	0.0826477	0.0413238	0.071575	-0.0826477	1.46308e-07	0.0413236	-0.0715752
0.000748081	0.0907097	0.0453548	0.0785569	-0.0907097	1.60579e-07	0.0453546	-0.078557
0.000738081	0.0981237	0.0490618	0.0849776	-0.0981237	1.73704e-07	0.0490615	-0.0849778
0.000728081	0.105025	0.0525123	0.090954	-0.105025	1.85921e-07	0.052512	-0.0909542
0.000718081	0.111506	0.0557532	0.0965673	-0.111506	1.97395e-07	0.0557528	-0.0965675
0.000708081	0.117637	0.0588184	0.101877	-0.117637	2.08247e-07	0.0588181	-0.101877
0.000698081	0.123468	0.061734	0.106926	-0.123468	2.1857e-07	0.0617336	-0.106927
0.000688081	0.12904	0.0645198	0.111751	-0.12904	2.28433e-07	0.0645194	-0.111752
0.000678081	0.134383	0.0671917	0.116379	-0.134383	2.37893e-07	0.0671913	-0.11638
0.000668081	0.139525	0.0697627	0.120833	-0.139525	2.46996e-07	0.0697623	-0.120833
0.000658081	0.144487	0.0722435	0.125129	-0.144487	2.55779e-07	0.0722431	-0.12513
0.000648081	0.149286	0.0746429	0.129285	-0.149286	2.64274e-07	0.0746424	-0.129285
0.000638081	0.153937	0.0769683	0.133313	-0.153937	2.72507e-07	0.0769679	-0.133313
0.000628081	0.158453	0.0792264	0.137224	-0.158453	2.80502e-07	0.0792259	-0.137224
0.000618081	0.162845	0.0814226	0.141028	-0.162845	2.88278e-07	0.0814221	-0.141028
0.000608081	0.167123	0.0835617	0.144733	-0.167123	2.95851e-07	0.0835611	-0.144733
0.000598081	0.171296	0.0856479	0.148347	-0.171296	3.03238e-07	0.0856474	-0.148347
0.000588081	0.17537	0.0876851	0.151875	-0.17537	3.1045e-07	0.0876845	-0.151875
0.000578081	0.179353	0.0896764	0.155324	-0.179353	3.17501e-07	0.0896759	-0.155324
0.000568081	0.18325	0.091625	0.158699	-0.18325	3.24399e-07	0.0916244	-0.158699
0.000558081	0.187067	0.0935333	0.162004	-0.187067	3.31156e-07	0.0935328	-0.162005
0.000548081	0.190808	0.0954039	0.165244	-0.190808	3.37779e-07	0.0954033	-0.165245
0.000538081	0.194478	0.0972388	0.168423	-0.194478	3.44275e-07	0.0972382	-0.168423
0.000528081	0.19808	0.09904	0.171542	-0.19808	3.50652e-07	0.0990394	-0.171543
0.000518081	0.201619	0.100809	0.174607	-0.201619	3.56917e-07	0.100809	-0.174607
0.000508081	0.205097	0.102548	0.177619	-0.205097	3.63074e-07	0.102548	-0.17762
0.000498081	0.208518	0.104259	0.180582	-0.208518	3.6913e-07	0.104258	-0.180582
0.000488081	0.211884	0.105942	0.183497	-0.211884	3.75088e-07	0.105941	-0.183497
0.000478081	0.215197	0.107599	0.186366	-0.215197	3.80955e-07	0.107598	-0.186367
0.000468081	0.218461	0.109231	0.189193	-0.218461	3.86733e-07	0.10923	-0.189193
0.000458081	0.221678	0.110839	0.191978	-0.221678	3.92426e-07	0.110838	-0.191979
0.000448081	0.224848	0.112424	0.194724	-0.224848	3.98039e-07	0.112423	-0.194725
0.000438081	0.227975	0.113988	0.197432	-0.227975	4.03575e-07	0.113987	-0.197433
0.000428081	0.23106	0.11553	0.200104	-0.23106	4.09036e-07	0.115529	-0.200104
0.000418081	0.234105	0.117052	0.202741	-0.234105	4.14426e-07	0.117052	-0.202741
0.000408081	0.237111	0.118555	0.205344	-0.237111	4.19747e-07	0.118555	-0.205344
0.000398081	0.240079	0.12004	0.207915	-0.240079	4.25002e-07	0.120039	-0.207915
0.000388081	0.243012	0.121506	0.210454	-0.243012	4.30193e-07	0.121505	-0.210455
0.000378081	0.24591	0.122955	0.212964	-0.24591	4.35323e-07	0.122954	-0.212964
0.000368081	0.248774	0.124387	0.215444	-0.248774	4.40393e-07	0.124386	-0.215445
0.000358081	0.251606	0.125803	0.217897	-0.251606	4.45407e-07	0.125802	-0.217897
0.000348081	0.254406	0.127203	0.220322	-0.254406	4.50365e-07	0.127202	-0.220323
0.000338081	0.257177	0.128588	0.222722	-0.257177	4.55269e-07	0.128588	-0.222722
0.000328081	0.259918	0.129959	0.225095	-0.259918	4.60121e-07	0.129958	-0.225096
0.000318081	0.26263	0.131315	0.227445	-0.26263	4.64923e-07	0.131314	-0.227445
0.000308081	0.265316	0.132658	0.22977	-0.265316	4.69677e-07	0.132657	-0.229771
0.000298081	0.267974	0.133987	0.232072	-0.267974	4.74383e-07	0.133986	-0.232073
0.000288081	0.270606	0.135303	0.234352	-0.270606	4.79043e-07	0.135302	-0.234353
0.000278081	0.273214	0.136607	0.23661	-0.273214	4.83658e-07	0.136606	-0.23661
0.000268081	0.275796	0.137898	0.238847	-0.275796	4.8823e-07	0.137897	-0.238847
0.000258081	0.278355	0.139178	0.241063	-0.278355	4.9276e-07	0.139177	-0.241063
0.000248081	0.280891	0.140446	0.243259	-0.280891	4.9725e-07	0.140445	-0.243259
0.000238081	0.283405	0.141702	0.245436	-0.283405	5.01699e-07	0.141701	-0.245436
0.000228081	0.285896	0.142948	0.247593	-0.285896	5.06109e-07	0.142947	-0.247594
0.000218081	0.288366	0.144183	0.249732	-0.288366	5.10481e-07	0.144182	-0.249733
0.000208081	0.290815	0.145407	0.251853	-0.290815	5.14817e-07	0.145407	-0.251854
0.000198081	0.293244	0.146622	0.253956	-0.293244	5.19116e-07	0.146621	-0.253957
0.000188081	0.295653	0.147826	0.256043	-0.295653	5.23381e-07	0.147825	-0.256043
0.000178081	0.298042	0.149021	0.258112	-0.298042	5.27611e-07	0.14902	-0.258113
0.000168081	0.300413	0.150206	0.260165	-0.300413	5.31808e-07	0.150206	-0.260166
0.000158081	0.302765	0.151383	0.262202	-0.302765	5.35972e-07	0.151382	-0.262203
0.000148081	0.305099	0.15255	0.264224	-0.305099	5.40104e-07	0.152549	-0.264224
0.000138081	0.307416	0.153708	0.26623	-0.307416	5.44205e-07	0.153707	-0.266231
0.000128081	0.309715	0.154858	0.268221	-0.309715	5.48276e-07	0.154857	-0.268222
0.000118081	0.311998	0.155999	0.270198	-0.311998	5.52316e-07	0.155998	-0.270199
0.000108081	0.314264	0.157132	0.272161	-0.314264	5.56328e-07	0.157131	-0.272161
9.80808e-05	0.316514	0.158257	0.274109	-0.316514	5.60311e-07	0.158256	-0.27411
8.80808e-05	0.318748	0.159374	0.276044	-0.318748	5.64266e-07	0.159373	-0.276044
7.80808e-05	0.320967	0.160483	0.277965	-0.320967	5.68193e-07	0.160482	-0.277966
6.80808e-05	0.32317	0.161585	0.279874	-0.32317	5.72094e-07	0.161584	-0.279874
5.80808e-05	0.325359	0.162679	0.281769	-0.325359	5.75969e-07	0.162678	-0.28177
4.80808e-05	0.327533	0.163767	0.283652	-0.327533	5.79818e-07	0.163766	-0.283653
3.80808e-05	0.329693	0.164847	0.285523	-0.329693	5.83641e-07	0.164846	-0.285523
2.80808e-05	0.331839	0.165919	0.287381	-0.331839	5.8744e-07	0.165918	-0.287382
1.80808e-05	0.333971	0.166986	0.289228	-0.333971	5.91215e-07	0.166985	-0.289228
8.08081e-06	0.33609	0.168045	0.291062	-0.33609	5.94965e-07	0.168044	-0.291063
-1.91919e-06	0.338195	0.169098	0.292886	-0.338195	5.98693e-07	0.169097	-0.292886
-1.19192e-05	0.340288	0.170144	0.294698	-0.340288	6.02397e-07	0.170143	-0.294699
-2.19192e-05	0.342368	0.171184	0.296499	-0.342368	6.06079e-07	0.171183	-0.2965
-3.19192e-05	0.344435	0.172218	0.29829	-0.344435	6.09739e-07	0.172217	-0.29829
-4.19192e-05	0.34649	0.173245	0.30007	-0.34649	6.13377e-07	0.173244	-0.30007
-5.19192e-05	0.348534	0.174267	0.301839	-0.348534	6.16994e-07	0.174266	-0.301839
-6.19192e-05	0.350565	0.175282	0.303598	-0.350565	6.20589e-07	0.175281	-0.303599
-7.19192e-05	0.352584	0.176292	0.305347	-0.352584	6.24165e-07	0.176291	-0.305348
-8.19192e-05	0.354592	0.177296	0.307086	-0.354592	6.2772e-07	0.177295	-0.307087
-9.19192e-05	0.356589	0.178295	0.308815	-0.356589	6.31255e-07	0.178294	-0.308816
-0.000101919	0.358575	0.179288	0.310535	-0.358575	6.3477e-07	0.179286	-0.310536
-0.000111919	0.36055	0.180275	0.312246	-0.36055	6.38266e-07	0.180274	-0.312246
-0.000121919	0.362514	0.181257	0.313947	-0.362514	6.41743e-07	0.181256	-0.313947
-0.000131919	0.364468	0.182234	0.315639	-0.364468	6.45202e-07	0.182233	-0.315639
-0.000141919	0.366411	0.183206	0.317322	-0.366411	6.48642e-07	0.183205	-0.317322
-0.000151919	0.368345	0.184172	0.318996	-0.368345	6.52064e-07	0.184171	-0.318996
-0.000161919	0.370268	0.185134	0.320661	-0.370268	6.55469e-07	0.185133	-0.320662
-0.000171919	0.372181	0.18609	0.322318	-0.372181	6.58855e-07	0.186089	-0.322319
-0.000181919	0.374084	0.187042	0.323966	-0.374084	6.62225e-07	0.187041	-0.323967
-0.000191919	0.375978	0.187989	0.325607	-0.375978	6.65578e-07	0.187988	-0.325607
-0.000201919	0.377863	0.188931	0.327239	-0.377863	6.68914e-07	0.18893	-0.327239
-0.000211919	0.379738	0.189869	0.328863	-0.379738	6.72233e-07	0.189868	-0.328863
-0.000221919	0.381604	0.190802	0.330479	-0.381604	6.75536e-07	0.190801	-0.330479
-0.000231919	0.383461	0.19173	0.332087	-0.383461	6.78824e-07	0.191729	-0.332087
-0.000241919	0.385309	0.192654	0.333687	-0.385309	6.82095e-07	0.192653	-0.333688
-0.000251919	0.387148	0.193574	0.33528	-0.387148	6.85351e-07	0.193573	-0.335281
-0.000261919	0.388978	0.194489	0.336865	-0.388978	6.88592e-07	0.194488	-0.336866
-0.000271919	0.390801	0.1954	0.338443	-0.390801	6.91817e-07	0.195399	-0.338444
-0.000281919	0.392614	0.196307	0.340014	-0.392614	6.95028e-07	0.196306	-0.340015
-0.000291919	0.39442	0.19721	0.341577	-0.39442	6.98224e-07	0.197209	-0.341578
-0.000301919	0.396217	0.198108	0.343134	-0.396217	7.01405e-07	0.198107	-0.343134
-0.000311919	0.398006	0.199003	0.344683	-0.398006	7.04572e-07	0.199002	-0.344684
-0.000321919	0.399787	0.199893	0.346226	-0.399787	7.07725e-07	0.199892	-0.346226
-0.000331919	0.40156	0.20078	0.347761	-0.40156	7.10864e-07	0.200779	-0.347762
-0.000341919	0.403326	0.201663	0.34929	-0.403326	7.1399e-07	0.201662	-0.349291
-0.000351919	0.405083	0.202542	0.350812	-0.405083	7.17101e-07	0.20254	-0.350813
-0.000361919	0.406834	0.203417	0.352328	-0.406834	7.202e-07	0.203416	-0.352329
-0.000371919	0.408576	0.204288	0.353838	-0.408576	7.23285e-07	0.204287	-0.353838
-0.000381919	0.410312	0.205156	0.35534	-0.410312	7.26357e-07	0.205155	-0.355341
-0.000391919	0.41204	0.20602	0.356837	-0.41204	7.29416e-07	0.206019	-0.356838
-0.000401919	0.413761	0.20688	0.358328	-0.413761	7.32463e-07	0.206879	-0.358328
-0.000411919	0.415475	0.207737	0.359812	-0.415475	7.35497e-07	0.207736	-0.359813
-0.000421919	0.417182	0.208591	0.36129	-0.417182	7.38519e-07	0.20859	-0.361291
-0.000431919	0.418882	0.209441	0.362762	-0.418882	7.41528e-07	0.20944	-0.362763
-0.000441919	0.420575	0.210287	0.364228	-0.420575	7.44525e-07	0.210286	-0.364229
-0.000451919	0.422261	0.211131	0.365689	-0.422261	7.4751e-07	0.211129	-0.36569
-0.000461919	0.423941	0.21197	0.367143	-0.423941	7.50484e-07	0.211969	-0.367144
-0.000471919	0.425614	0.212807	0.368592	-0.425614	7.53446e-07	0.212806	-0.368593
-0.000481919	0.42728	0.21364	0.370036	-0.42728	7.56396e-07	0.213639	-0.370036
-0.000491919	0.42894	0.21447	0.371473	-0.42894	7.59335e-07	0.214469	-0.371474
-0.000501919	0.430594	0.215297	0.372905	-0.430594	7.62262e-07	0.215296	-0.372906
-0.000511919	0.432242	0.216121	0.374332	-0.432242	7.65178e-07	0.216119	-0.374333
-0.000521919	0.433883	0.216941	0.375753	-0.433883	7.68084e-07	0.21694	-0.375754
-0.000531919	0.435518	0.217759	0.377169	-0.435518	7.70978e-07	0.217758	-0.37717
-0.000541919	0.437147	0.218573	0.37858	-0.437147	7.73862e-07	0.218572	-0.378581
-0.000551919	0.43877	0.219385	0.379986	-0.43877	7.76735e-07	0.219383	-0.379986
-0.000561919	0.440387	0.220193	0.381386	-0.440387	7.79597e-07	0.220192	-0.381387
-0.000571919	0.441998	0.220999	0.382781	-0.441998	7.82449e-07	0.220997	-0.382782
-0.000581919	0.443603	0.221801	0.384171	-0.443603	7.85291e-07	0.2218	-0.384172
-0.000591919	0.445202	0.222601	0.385557	-0.445202	7.88122e-07	0.2226	-0.385557
-0.000601919	0.446796	0.223398	0.386937	-0.446796	7.90944e-07	0.223397	-0.386938
-0.000611919	0.448384	0.224192	0.388312	-0.448384	7.93755e-07	0.224191	-0.388313
-0.000621919	0.449967	0.224983	0.389683	-0.449967	7.96557e-07	0.224982	-0.389683
-0.000631919	0.451544	0.225772	0.391048	-0.451544	7.99348e-07	0.225771	-0.391049
-0.000641919	0.453115	0.226558	0.392409	-0.453115	8.0213e-07	0.226556	-0.39241
-0.000651919	0.454682	0.227341	0.393766	-0.454682	8.04903e-07	0.227339	-0.393767
-0.000661919	0.456242	0.228121	0.395117	-0.456242	8.07666e-07	0.22812	-0.395118
-0.000671919	0.457798	0.228899	0.396465	-0.457798	8.1042e-07	0.228898	-0.396465
-0.000681919	0.459348	0.229674	0.397807	-0.459348	8.13164e-07	0.229673	-0.397808
-0.000691919	0.460893	0.230447	0.399145	-0.460893	8.15899e-07	0.230445	-0.399146
-0.000701919	0.462433	0.231217	0.400479	-0.462433	8.18625e-07	0.231215	-0.40048
-0.000711919	0.463968	0.231984	0.401808	-0.463968	8.21342e-07	0.231983	-0.401809
-0.000721919	0.465498	0.232749	0.403133	-0.465498	8.2405e-07	0.232747	-0.403134
-0.000731919	0.467023	0.233511	0.404453	-0.467023	8.2675e-07	0.23351	-0.404454
-0.000741919	0.468542	0.234271	0.40577	-0.468542	8.2944e-07	0.23427	-0.40577
-0.000751919	0.470057	0.235029	0.407082	-0.470057	8.32122e-07	0.235027	-0.407082
-0.000761919	0.471567	0.235784	0.408389	-0.471567	8.34795e-07	0.235782	-0.40839
-0.000771919	0.473073	0.236536	0.409693	-0.473073	8.3746e-07	0.236535	-0.409694
-0.000781919	0.474573	0.237287	0.410993	-0.474573	8.40116e-07	0.237285	-0.410993
-0.000791919	0.476069	0.238035	0.412288	-0.476069	8.42764e-07	0.238033	-0.412289
-0.000801919	0.47756	0.23878	0.413579	-0.47756	8.45404e-07	0.238779	-0.41358
-0.000811919	0.479047	0.239523	0.414867	-0.479047	8.48036e-07	0.239522	-0.414868
-0.000821919	0.480529	0.240264	0.41615	-0.480529	8.50659e-07	0.240263	-0.416151
-0.000831919	0.482006	0.241003	0.41743	-0.482006	8.53275e-07	0.241002	-0.417431
-0.000841919	0.483479	0.24174	0.418705	-0.483479	8.55882e-07	0.241738	-0.418706
-0.000851919	0.484948	0.242474	0.419977	-0.484948	8.58482e-07	0.242472	-0.419978
-0.000861919	0.486412	0.243206	0.421245	-0.486412	8.61074e-07	0.243204	-0.421246
-0.000871919	0.487871	0.243936	0.422509	-0.487871	8.63658e-07	0.243934	-0.42251
-0.000881919	0.489327	0.244663	0.423769	-0.489327	8.66234e-07	0.244662	-0.42377
-0.000891919	0.490778	0.245389	0.425026	-0.490778	8.68803e-07	0.245387	-0.425027
-0.000901919	0.492225	0.246112	0.426279	-0.492225	8.71364e-07	0.246111	-0.42628
-0.000911919	0.493667	0.246834	0.427528	-0.493667	8.73917e-07	0.246832	-0.427529
-0.000921919	0.495106	0.247553	0.428774	-0.495106	8.76464e-07	0.247551	-0.428775
-0.000931919	0.49654	0.24827	0.430016	-0.49654	8.79003e-07	0.248268	-0.430017
-0.000941919	0.49797	0.248985	0.431255	-0.49797	8.81534e-07	0.248983	-0.431255
-0.000951919	0.499396	0.249698	0.43249	-0.499396	8.84059e-07	0.249696	-0.43249
-0.000961919	0.500818	0.250409	0.433721	-0.500818	8.86576e-07	0.250407	-0.433722
-0.000971919	0.502236	0.251118	0.434949	-0.502236	8.89086e-07	0.251116	-0.43495
-0.000981919	0.50365	0.251825	0.436174	-0.50365	8.91589e-07	0.251823	-0.436174
-0.000991919	0.50506	0.25253	0.437395	-0.50506	8.94086e-07	0.252528	-0.437396
-0.00100192	0.506466	0.253233	0.438612	-0.506466	8.96575e-07	0.253231	-0.438613
-0.00101192	0.507868	0.253934	0.439827	-0.507868	8.99057e-07	0.253933	-0.439828
-0.00102192	0.509267	0.254633	0.441038	-0.509267	9.01533e-07	0.254632	-0.441039
-0.00103192	0.510661	0.255331	0.442246	-0.510661	9.04001e-07	0.255329	-0.442247
-0.00104192	0.512052	0.256026	0.44345	-0.512052	9.06464e-07	0.256024	-0.443451
-0.00105192	0.513439	0.25672	0.444651	-0.513439	9.08919e-07	0.256718	-0.444652
-0.00106192	0.514823	0.257411	0.445849	-0.514823	9.11368e-07	0.25741	-0.44585
-0.00107192	0.516202	0.258101	0.447044	-0.516202	9.1381e-07	0.258099	-0.447045
-0.00108192	0.517578	0.258789	0.448236	-0.517578	9.16246e-07	0.258787	-0.448237
-0.00109192	0.51895	0.259475	0.449424	-0.51895	9.18675e-07	0.259474	-0.449425
-0.00110192	0.520319	0.26016	0.45061	-0.520319	9.21098e-07	0.260158	-0.450611
-0.00111192	0.521684	0.260842	0.451792	-0.521684	9.23515e-07	0.260841	-0.451793
-0.00112192	0.523046	0.261523	0.452971	-0.523046	9.25925e-07	0.261521	-0.452972
-0.00113192	0.524404	0.262202	0.454147	-0.524404	9.2833e-07	0.2622	-0.454148
-0.00114192	0.525759	0.262879	0.45532	-0.525759	9.30728e-07	0.262878	-0.455321
-0.00115192	0.52711	0.263555	0.45649	-0.52711	9.33119e-07	0.263553	-0.456491
-0.00116192	0.528457	0.264229	0.457658	-0.528457	9.35505e-07	0.264227	-0.457658
-0.00117192	0.529802	0.264901	0.458822	-0.529802	9.37885e-07	0.264899	-0.458823
-0.00118192	0.531143	0.265571	0.459983	-0.531143	9.40259e-07	0.26557	-0.459984
-0.00119192	0.53248	0.26624	0.461141	-0.53248	9.42626e-07	0.266238	-0.461142
-0.00120192	0.533814	0.266907	0.462297	-0.533814	9.44988e-07	0.266905	-0.462298
-0.00121192	0.535145	0.267573	0.463449	-0.535145	9.47344e-07	0.267571	-0.46345
-0.00122192	0.536473	0.268236	0.464599	-0.536473	9.49694e-07	0.268235	-0.4646
-0.00123192	0.537797	0.268898	0.465746	-0.537797	9.52038e-07	0.268897	-0.465747
-0.00124192	0.539118	0.269559	0.46689	-0.539118	9.54377e-07	0.269557	-0.466891
-0.00125192	0.540436	0.270218	0.468031	-0.540436	9.5671e-07	0.270216	-0.468032
-0.00126192	0.54175	0.270875	0.46917	-0.54175	9.59037e-07	0.270874	-0.469171
-0.00127192	0.543062	0.271531	0.470305	-0.543062	9.61359e-07	0.271529	-0.470306
-0.00128192	0.54437	0.272185	0.471438	-0.54437	9.63675e-07	0.272183	-0.471439
-0.00129192	0.545675	0.272838	0.472569	-0.545675	9.65985e-07	0.272836	-0.47257
-0.00130192	0.546978	0.273489	0.473696	-0.546978	9.6829e-07	0.273487	-0.473697
-0.00131192	0.548277	0.274138	0.474821	-0.548277	9.7059e-07	0.274137	-0.474822
-0.00132192	0.549572	0.274786	0.475944	-0.549572	9.72884e-07	0.274785	-0.475945
-0.00133192	0.550865	0.275433	0.477063	-0.550865	9.75173e-07	0.275431	-0.477064
-0.00134192	0.552155	0.276078	0.47818	-0.552155	9.77456e-07	0.276076	-0.478181
-0.00135192	0.553442	0.276721	0.479295	-0.553442	9.79735e-07	0.276719	-0.479296
-0.00136192	0.554726	0.277363	0.480407	-0.554726	9.82007e-07	0.277361	-0.480408
-0.00137192	0.556007	0.278004	0.481516	-0.556007	9.84275e-07	0.278002	-0.481517
-0.00138192	0.557285	0.278643	0.482623	-0.557285	9.86538e-07	0.278641	-0.482624
-0.00139192	0.55856	0.27928	0.483727	-0.55856	9.88795e-07	0.279278	-0.483728
-0.00140192	0.559832	0.279916	0.484829	-0.559832	9.91047e-07	0.279914	-0.48483
-0.00141192	0.561102	0.280551	0.485928	-0.561102	9.93294e-07	0.280549	-0.485929
-0.00142192	0.562368	0.281184	0.487025	-0.562368	9.95536e-07	0.281182	-0.487026
-0.00143192	0.563632	0.281816	0.48812	-0.563632	9.97773e-07	0.281814	-0.488121
-0.00144192	0.564893	0.282446	0.489211	-0.564893	1.00001e-06	0.282445	-0.489212
-0.00145192	0.566151	0.283075	0.490301	-0.566151	1.00223e-06	0.283074	-0.490302
-0.00146192	0.567406	0.283703	0.491388	-0.567406	1.00445e-06	0.283701	-0.491389
-0.00147192	0.568659	0.284329	0.492473	-0.568659	1.00667e-06	0.284328	-0.492474
-0.00148192	0.569908	0.284954	0.493555	-0.569908	1.00888e-06	0.284952	-0.493556
-0.00149192	0.571155	0.285578	0.494635	-0.571155	1.01109e-06	0.285576	-0.494636
-0.00150192	0.5724	0.2862	0.495713	-0.5724	1.01329e-06	0.286198	-0.495714
-0.00151192	0.573641	0.286821	0.496788	-0.573641	1.01549e-06	0.286819	-0.496789
-0.00152192	0.57488	0.28744	0.497861	-0.57488	1.01769e-06	0.287438	-0.497862
-0.00153192	0.576117	0.288058	0.498932	-0.576117	1.01987e-06	0.288056	-0.498933
-0.00154192	0.57735	0.288675	0.5	-0.57735	1.02206e-06	0.288673	-0.500001
-0.00155192	0.578581	0.289291	0.501066	-0.578581	1.02424e-06	0.289289	-0.501067
-0.00156192	0.57981	0.289905	0.50213	-0.57981	1.02641e-06	0.289903	-0.502131
-0.00157192	0.581035	0.290518	0.503191	-0.581035	1.02858e-06	0.290516	-0.503193
-0.00158192	0.582259	0.291129	0.504251	-0.582259	1.03075e-06	0.291128	-0.504252
-0.00159192	0.583479	0.29174	0.505308	-0.583479	1.03291e-06	0.291738	-0.505309
-0.00160192	0.584698	0.292349	0.506363	-0.584698	1.03506e-06	0.292347	-0.506364
-0.00161192	0.585913	0.292957	0.507416	-0.585913	1.03722e-06	0.292955	-0.507417
-0.00162192	0.587126	0.293563	0.508466	-0.587126	1.03936e-06	0.293561	-0.508467
-0.00163192	0.588337	0.294169	0.509515	-0.588337	1.04151e-06	0.294167	-0.509516
-0.00164192	0.589545	0.294773	0.510561	-0.589545	1.04365e-06	0.294771	-0.510562
-0.00165192	0.590751	0.295375	0.511605	-0.590751	1.04578e-06	0.295374	-0.511606
-0.00166192	0.591954	0.295977	0.512647	-0.591954	1.04791e-06	0.295975	-0.512648
-0.00167192	0.593155	0.296578	0.513687	-0.593155	1.05004e-06	0.296576	-0.513688
-0.00168192	0.594353	0.297177	0.514725	-0.594353	1.05216e-06	0.297175	-0.514726
-0.00169192	0.595549	0.297775	0.515761	-0.595549	1.05428e-06	0.297773	-0.515762
-0.00170192	0.596743	0.298372	0.516795	-0.596743	1.05639e-06	0.29837	-0.516796
-0.00171192	0.597934	0.298967	0.517826	-0.597934	1.0585e-06	0.298965	-0.517827
-0.00172192	0.599123	0.299562	0.518856	-0.599123	1.0606e-06	0.29956	-0.518857
-0.00173192	0.60031	0.300155	0.519883	-0.60031	1.0627e-06	0.300153	-0.519885
-0.00174192	0.601494	0.300747	0.520909	-0.601494	1.0648e-06	0.300745	-0.52091
-0.00175192	0.602676	0.301338	0.521933	-0.602676	1.06689e-06	0.301336	-0.521934
-0.00176192	0.603855	0.301928	0.522954	-0.603855	1.06898e-06	0.301926	-0.522955
-0.00177192	0.605033	0.302516	0.523974	-0.605033	1.07106e-06	0.302514	-0.523975
-0.00178192	0.606208	0.303104	0.524991	-0.606208	1.07314e-06	0.303102	-0.524992
-0.00179192	0.60738	0.30369	0.526007	-0.60738	1.07522e-06	0.303688	-0.526008
-0.00180192	0.608551	0.304275	0.52702	-0.608551	1.07729e-06	0.304274	-0.527022
-0.00181192	0.609719	0.30486	0.528032	-0.609719	1.07936e-06	0.304858	-0.528033
-0.00182192	0.610885	0.305443	0.529042	-0.610885	1.08142e-06	0.305441	-0.529043
-0.00183192	0.612049	0.306024	0.53005	-0.612049	1.08348e-06	0.306023	-0.530051
-0.00184192	0.61321	0.306605	0.531056	-0.61321	1.08554e-06	0.306603	-0.531057
-0.00185192	0.61437	0.307185	0.53206	-0.61437	1.08759e-06	0.307183	-0.532061
-0.00186192	0.615527	0.307764	0.533062	-0.615527	1.08964e-06	0.307762	-0.533063
-0.00187192	0.616682	0.308341	0.534062	-0.616682	1.09169e-06	0.308339	-0.534064
-0.00188192	0.617835	0.308918	0.535061	-0.617835	1.09373e-06	0.308916	-0.535062
-0.00189192	0.618986	0.309493	0.536057	-0.618986	1.09576e-06	0.309491	-0.536059
-0.00190192	0.620134	0.310067	0.537052	-0.620134	1.0978e-06	0.310065	-0.537053
-0.00191192	0.621281	0.31064	0.538045	-0.621281	1.09983e-06	0.310639	-0.538046
-0.00192192	0.622425	0.311213	0.539036	-0.622425	1.10185e-06	0.311211	-0.539037
-0.00193192	0.623568	0.311784	0.540026	-0.623568	1.10387e-06	0.311782	-0.540027
-0.00194192	0.624708	0.312354	0.541013	-0.624708	1.10589e-06	0.312352	-0.541014
-0.00195192	0.625846	0.312923	0.541999	-0.625846	1.10791e-06	0.312921	-0.542
-0.00196192	0.626982	0.313491	0.542983	-0.626982	1.10992e-06	0.313489	-0.542984
-0.00197192	0.628116	0.314058	0.543965	-0.628116	1.11193e-06	0.314056	-0.543966
-0.00198192	0.629248	0.314624	0.544945	-0.629248	1.11393e-06	0.314622	-0.544946
-0.00199192	0.630378	0.315189	0.545924	-0.630378	1.11593e-06	0.315187	-0.545925
-0.00200192	0.631506	0.315753	0.546901	-0.631506	1.11793e-06	0.315751	-0.546902
-0.00201192	0.632632	0.316316	0.547876	-0.632632	1.11992e-06	0.316314	-0.547877
-0.00202192	0.633756	0.316878	0.548849	-0.633756	1.12191e-06	0.316876	-0.54885
-0.00203192	0.634878	0.317439	0.549821	-0.634878	1.1239e-06	0.317437	-0.549822
-0.00204192	0.635998	0.317999	0.550791	-0.635998	1.12588e-06	0.317997	-0.550792
-0.00205192	0.637116	0.318558	0.551759	-0.637116	1.12786e-06	0.318556	-0.55176
-0.00206192	0.638232	0.319116	0.552726	-0.638232	1.12984e-06	0.319114	-0.552727
-0.00207192	0.639347	0.319673	0.55369	-0.639347	1.13181e-06	0.319671	-0.553692
-0.00208192	0.640459	0.320229	0.554654	-0.640459	1.13378e-06	0.320227	-0.554655
-0.00209192	0.641569	0.320785	0.555615	-0.641569	1.13574e-06	0.320783	-0.555616
-0.00210192	0.642678	0.321339	0.556575	-0.642678	1.1377e-06	0.321337	-0.556576
-0.00211192	0.643784	0.321892	0.557533	-0.643784	1.13966e-06	0.32189	-0.557534
-0.00212192	0.644889	0.322444	0.55849	-0.644889	1.14162e-06	0.322442	-0.558491
-0.00213192	0.645991	0.322996	0.559445	-0.645991	1.14357e-06	0.322994	-0.559446
-0.00214192	0.647092	0.323546	0.560398	-0.647092	1.14552e-06	0.323544	-0.560399
-0.00215192	0.648191	0.324096	0.56135	-0.648191	1.14746e-06	0.324094	-0.561351
-0.00216192	0.649288	0.324644	0.5623	-0.649288	1.14941e-06	0.324642	-0.562301
-0.00217192	0.650384	0.325192	0.563249	-0.650384	1.15135e-06	0.32519	-0.56325
-0.00218192	0.651477	0.325738	0.564196	-0.651477	1.15328e-06	0.325736	-0.564197
-0.00219192	0.652569	0.326284	0.565141	-0.652569	1.15521e-06	0.326282	-0.565142
-0.00220192	0.653658	0.326829	0.566085	-0.653658	1.15714e-06	0.326827	-0.566086
-0.00221192	0.654746	0.327373	0.567027	-0.654746	1.15907e-06	0.327371	-0.567028
-0.00222192	0.655833	0.327916	0.567968	-0.655833	1.16099e-06	0.327914	-0.567969
-0.00223192	0.656917	0.328458	0.568907	-0.656917	1.16291e-06	0.328456	-0.568908
-0.00224192	0.658	0.329	0.569844	-0.658	1.16483e-06	0.328998	-0.569846
-0.00225192	0.65908	0.32954	0.57078	-0.65908	1.16674e-06	0.329538	-0.570782
-0.00226192	0.66016	0.33008	0.571715	-0.66016	1.16865e-06	0.330078	-0.571716
-0.00227192	0.661237	0.330618	0.572648	-0.661237	1.17056e-06	0.330616	-0.572649
-0.00228192	0.662312	0.331156	0.573579	-0.662312	1.17246e-06	0.331154	-0.573581
-0.00229192	0.663386	0.331693	0.574509	-0.663386	1.17436e-06	0.331691	-0.574511
-0.00230192	0.664458	0.332229	0.575438	-0.664458	1.17626e-06	0.332227	-0.575439
-0.00231192	0.665529	0.332764	0.576365	-0.665529	1.17816e-06	0.332762	-0.576366
-0.00232192	0.666597	0.333299	0.57729	-0.666597	1.18005e-06	0.333297	-0.577291
-0.00233192	0.667664	0.333832	0.578214	-0.667664	1.18194e-06	0.33383	-0.578215
-0.00234192	0.66873	0.334365	0.579137	-0.66873	1.18382e-06	0.334363	-0.579138
-0.00235192	0.669793	0.334897	0.580058	-0.669793	1.18571e-06	0.334895	-0.580059
-0.00236192	0.670855	0.335428	0.580978	-0.670855	1.18759e-06	0.335425	-0.580979
-0.00237192	0.671915	0.335958	0.581896	-0.671915	1.18946e-06	0.335956	-0.581897
-0.00238192	0.672974	0.336487	0.582812	-0.672974	1.19134e-06	0.336485	-0.582814
-0.00239192	0.674031	0.337015	0.583728	-0.674031	1.19321e-06	0.337013	-0.583729
-0.00240192	0.675086	0.337543	0.584642	-0.675086	1.19508e-06	0.337541	-0.584643
-0.00241192	0.67614	0.33807	0.585554	-0.67614	1.19694e-06	0.338068	-0.585555
-0.00242192	0.677192	0.338596	0.586465	-0.677192	1.1988e-06	0.338594	-0.586466
-0.00243192	0.678242	0.339121	0.587375	-0.678242	1.20066e-06	0.339119	-0.587376
-0.00244192	0.679291	0.339645	0.588283	-0.679291	1.20252e-06	0.339643	-0.588284
-0.00245192	0.680338	0.340169	0.58919	-0.680338	1.20437e-06	0.340167	-0.589191
-0.00246192	0.681383	0.340692	0.590095	-0.681383	1.20622e-06	0.34069	-0.590096
-0.00247192	0.682427	0.341214	0.590999	-0.682427	1.20807e-06	0.341211	-0.591
-0.00248192	0.683469	0.341735	0.591902	-0.683469	1.20992e-06	0.341733	-0.591903
-0.00249192	0.68451	0.342255	0.592803	-0.68451	1.21176e-06	0.342253	-0.592804
-0.00250192	0.685549	0.342775	0.593703	-0.685549	1.2136e-06	0.342773	-0.593704
-0.00251192	0.686587	0.343293	0.594602	-0.686587	1.21543e-06	0.343291	-0.594603
-0.00252192	0.687623	0.343811	0.595499	-0.687623	1.21727e-06	0.343809	-0.5955
-0.00253192	0.688657	0.344329	0.596395	-0.688657	1.2191e-06	0.344327	-0.596396
-0.00254192	0.68969	0.344845	0.597289	-0.68969	1.22093e-06	0.344843	-0.597291
-0.00255192	0.690722	0.345361	0.598183	-0.690722	1.22275e-06	0.345359	-0.598184
-0.00256192	0.691752	0.345876	0.599074	-0.691752	1.22458e-06	0.345874	-0.599076
-0.00257192	0.69278	0.34639	0.599965	-0.69278	1.2264e-06	0.346388	-0.599966
-0.00258192	0.693807	0.346903	0.600854	-0.693807	1.22822e-06	0.346901	-0.600855
-0.00259192	0.694832	0.347416	0.601742	-0.694832	1.23003e-06	0.347414	-0.601743
-0.00260192	0.695856	0.347928	0.602629	-0.695856	1.23184e-06	0.347926	-0.60263
-0.00261192	0.696878	0.348439	0.603514	-0.696878	1.23365e-06	0.348437	-0.603515
-0.00262192	0.697899	0.348949	0.604398	-0.697899	1.23546e-06	0.348947	-0.604399
-0.00263192	0.698918	0.349459	0.605281	-0.698918	1.23726e-06	0.349457	-0.605282
-0.00264192	0.699936	0.349968	0.606162	-0.699936	1.23907e-06	0.349966	-0.606164
-0.00265192	0.700952	0.350476	0.607043	-0.700952	1.24087e-06	0.350474	-0.607044
-0.00266192	0.701967	0.350984	0.607921	-0.701967	1.24266e-06	0.350981	-0.607923
-0.00267192	0.702981	0.35149	0.608799	-0.702981	1.24446e-06	0.351488	-0.6088
-0.00268192	0.703993	0.351996	0.609676	-0.703993	1.24625e-06	0.351994	-0.609677
-0.00269192	0.705003	0.352502	0.610551	-0.705003	1.24804e-06	0.352499	-0.610552
-0.00270192	0.706012	0.353006	0.611425	-0.706012	1.24982e-06	0.353004	-0.611426
-0.00271192	0.70702	0.35351	0.612297	-0.70702	1.25161e-06	0.353508	-0.612298
-0.00272192	0.708026	0.354013	0.613169	-0.708026	1.25339e-06	0.354011	-0.61317
-0.00273192	0.709031	0.354515	0.614039	-0.709031	1.25517e-06	0.354513	-0.61404
-0.00274192	0.710034	0.355017	0.614908	-0.710034	1.25694e-06	0.355015	-0.614909
-0.00275192	0.711036	0.355518	0.615775	-0.711036	1.25872e-06	0.355516	-0.615777
-0.00276192	0.712037	0.356018	0.616642	-0.712037	1.26049e-06	0.356016	-0.616643
-0.00277192	0.713036	0.356518	0.617507	-0.713036	1.26226e-06	0.356516	-0.617508
-0.00278192	0.714034	0.357017	0.618371	-0.714034	1.26402e-06	0.357015	-0.618373
-0.00279192	0.71503	0.357515	0.619234	-0.71503	1.26579e-06	0.357513	-0.619235
