dHydro_stress	Plot_devia_stress	X1	Y1	X2	Y2	X3	Y3
19.6248	0	0	0	-0	0	0	-0
19.1248	0.702662	0.351331	0.608523	-0.702662	1.24389e-06	0.351329	-0.608524
18.6248	1.39665	0.698326	1.20954	-1.39665	2.47243e-06	0.698322	-1.20954
18.1248	2.08228	1.04114	1.80331	-2.08228	3.68618e-06	1.04114	-1.80331
17.6248	2.75985	1.37993	2.3901	-2.75985	4.88565e-06	1.37992	-2.39011
17.1248	3.42964	1.71482	2.97015	-3.42964	6.07133e-06	1.71481	-2.97016
16.6248	4.0919	2.04595	3.54369	-4.0919	7.2437e-06	2.04594	-3.54369
16.1248	4.74688	2.37344	4.11092	-4.74688	8.4032e-06	2.37343	-4.11093
15.6248	5.39483	2.69741	4.67206	-5.39483	9.55022e-06	2.6974	-4.67207
15.1248	6.03595	3.01798	5.22729	-6.03595	1.06852e-05	3.01796	-5.2273
14.6248	6.67047	3.33524	5.7768	-6.67047	1.18084e-05	3.33522	-5.77681
14.1248	7.29858	3.64929	6.32076	-7.29858	1.29204e-05	3.64927	-6.32077
13.6248	7.92048	3.96024	6.85934	-7.92048	1.40213e-05	3.96021	-6.85935
13.1248	8.53634	4.26817	7.39269	-8.53634	1.51115e-05	4.26814	-7.3927
12.6248	9.14633	4.57317	7.92096	-9.14633	1.61914e-05	4.57314	-7.92097
12.1248	9.75063	4.87531	8.44429	-9.75063	1.72611e-05	4.87529	-8.44431
11.6248	10.3494	5.17469	8.96283	-10.3494	1.83211e-05	5.17466	-8.96285
11.1248	10.9427	5.47137	9.4767	-10.9427	1.93715e-05	5.47134	-9.47672
10.6248	11.5309	5.76543	9.98602	-11.5309	2.04126e-05	5.76539	-9.98604
10.1248	12.1139	6.05693	10.4909	-12.1139	2.14446e-05	6.05689	-10.4909
9.62482	12.6919	6.34594	10.9915	-12.6919	2.24679e-05	6.3459	-10.9915
9.12482	13.265	6.63252	11.4879	-13.265	2.34825e-05	6.63248	-11.4879
8.62482	13.8335	6.91673	11.9801	-13.8335	2.44888e-05	6.91669	-11.9802
8.12482	14.3973	7.19864	12.4684	-14.3973	2.54869e-05	7.19859	-12.4684
7.62482	14.9566	7.47828	12.9528	-14.9566	2.6477e-05	7.47824	-12.9528
7.12482	15.5115	7.75573	13.4333	-15.5115	2.74593e-05	7.75568	-13.4333
6.62482	16.0621	8.03103	13.9102	-16.0621	2.8434e-05	8.03098	-13.9102
6.12482	16.6085	8.30423	14.3833	-16.6085	2.94012e-05	8.30417	-14.3834
5.62482	17.1507	8.57537	14.853	-17.1507	3.03612e-05	8.57532	-14.853
5.12482	17.689	8.8445	15.3191	-17.689	3.13141e-05	8.84445	-15.3192
4.62482	18.2233	9.11167	15.7819	-18.2233	3.226e-05	9.11162	-15.7819
4.12482	18.7538	9.37692	16.2413	-18.7538	3.31991e-05	9.37686	-16.2413
3.62482	19.2806	9.64029	16.6975	-19.2806	3.41316e-05	9.64023	-16.6975
3.12482	19.8036	9.90182	17.1505	-19.8036	3.50575e-05	9.90176	-17.1505
2.62482	20.3231	10.1615	17.6003	-20.3231	3.59771e-05	10.1615	-17.6003
2.12482	20.839	10.4195	18.0471	-20.839	3.68904e-05	10.4194	-18.0471
1.62482	21.3515	10.6757	18.4909	-21.3515	3.77975e-05	10.6757	-18.4909
1.12482	21.8605	10.9303	18.9318	-21.8605	3.86987e-05	10.9302	-18.9318
0.62482	22.3662	11.1831	19.3697	-22.3662	3.9594e-05	11.1831	-19.3698
0.12482	22.8687	11.4344	19.8049	-22.8687	4.04835e-05	11.4343	-19.8049
-0.37518	23.368	11.684	20.2373	-23.368	4.13673e-05	11.6839	-20.2373
-0.87518	23.8641	11.9321	20.6669	-23.8641	4.22456e-05	11.932	-20.667
-1.37518	24.3572	12.1786	21.0939	-24.3572	4.31184e-05	12.1785	-21.094
-1.87518	24.8472	12.4236	21.5183	-24.8472	4.39859e-05	12.4235	-21.5184
-2.37518	25.3343	12.6671	21.9401	-25.3343	4.48481e-05	12.6671	-21.9402
-2.87518	25.8184	12.9092	22.3594	-25.8184	4.57052e-05	12.9091	-22.3594
-3.37518	26.2997	13.1498	22.7762	-26.2997	4.65572e-05	13.1498	-22.7762
-3.87518	26.7781	13.3891	23.1906	-26.7781	4.74042e-05	13.389	-23.1906
-4.37518	27.2538	13.6269	23.6025	-27.2538	4.82463e-05	13.6268	-23.6026
-4.87518	27.7268	13.8634	24.0121	-27.7268	4.90836e-05	13.8633	-24.0122
-5.37518	28.1971	14.0986	24.4194	-28.1971	4.99162e-05	14.0985	-24.4195
-5.87518	28.6648	14.3324	24.8245	-28.6648	5.07441e-05	14.3323	-24.8245
-6.37518	29.1299	14.565	25.2272	-29.1299	5.15674e-05	14.5649	-25.2273
-6.87518	29.5925	14.7962	25.6278	-29.5925	5.23863e-05	14.7961	-25.6279
-7.37518	30.0525	15.0263	26.0263	-30.0525	5.32007e-05	15.0262	-26.0263
-7.87518	30.5101	15.2551	26.4226	-30.5101	5.40108e-05	15.255	-26.4226
-8.37518	30.9653	15.4827	26.8167	-30.9653	5.48165e-05	15.4826	-26.8168
-8.87518	31.4181	15.7091	27.2089	-31.4181	5.56181e-05	15.709	-27.2089
-9.37518	31.8686	15.9343	27.599	-31.8686	5.64155e-05	15.9342	-27.599
-9.87518	32.3167	16.1583	27.9871	-32.3167	5.72088e-05	16.1582	-27.9871
-10.3752	32.7626	16.3813	28.3732	-32.7626	5.79981e-05	16.3812	-28.3733
-10.8752	33.2062	16.6031	28.7574	-33.2062	5.87835e-05	16.603	-28.7575
-11.3752	33.6476	16.8238	29.1397	-33.6476	5.95649e-05	16.8237	-29.1397
-11.8752	34.0869	17.0434	29.5201	-34.0869	6.03425e-05	17.0433	-29.5201
-12.3752	34.524	17.262	29.8986	-34.524	6.11163e-05	17.2619	-29.8987
-12.8752	34.9589	17.4795	30.2753	-34.9589	6.18863e-05	17.4794	-30.2754
-13.3752	35.3919	17.6959	30.6502	-35.3919	6.26527e-05	17.6958	-30.6503
-13.8752	35.8227	17.9114	31.0234	-35.8227	6.34154e-05	17.9112	-31.0234
-14.3752	36.2516	18.1258	31.3948	-36.2516	6.41745e-05	18.1257	-31.3948
-14.8752	36.6784	18.3392	31.7644	-36.6784	6.49302e-05	18.3391	-31.7645
-15.3752	37.1033	18.5516	32.1324	-37.1033	6.56823e-05	18.5515	-32.1324
-15.8752	37.5262	18.7631	32.4987	-37.5262	6.6431e-05	18.763	-32.4987
-16.3752	37.9472	18.9736	32.8633	-37.9472	6.71763e-05	18.9735	-32.8633
-16.8752	38.3664	19.1832	33.2262	-38.3664	6.79183e-05	19.1831	-33.2263
-17.3752	38.7836	19.3918	33.5876	-38.7836	6.8657e-05	19.3917	-33.5877
-17.8752	39.1991	19.5995	33.9474	-39.1991	6.93924e-05	19.5994	-33.9475
-18.3752	39.6127	19.8063	34.3056	-39.6127	7.01246e-05	19.8062	-34.3057
-18.8752	40.0245	20.0123	34.6623	-40.0245	7.08537e-05	20.0121	-34.6623
-19.3752	40.4346	20.2173	35.0174	-40.4346	7.15796e-05	20.2172	-35.0175
-19.8752	40.8429	20.4215	35.371	-40.8429	7.23024e-05	20.4213	-35.3711
-20.3752	41.2495	20.6248	35.7231	-41.2495	7.30222e-05	20.6246	-35.7232
-20.8752	41.6544	20.8272	36.0738	-41.6544	7.3739e-05	20.8271	-36.0738
-21.3752	42.0576	21.0288	36.423	-42.0576	7.44528e-05	21.0287	-36.423
-21.8752	42.4592	21.2296	36.7707	-42.4592	7.51636e-05	21.2295	-36.7708
-22.3752	42.8591	21.4295	37.1171	-42.8591	7.58716e-05	21.4294	-37.1171
-22.8752	43.2574	21.6287	37.462	-43.2574	7.65767e-05	21.6286	-37.4621
-23.3752	43.6541	21.827	37.8055	-43.6541	7.72789e-05	21.8269	-37.8056
-23.8752	44.0492	22.0246	38.1477	-44.0492	7.79784e-05	22.0245	-38.1478
-24.3752	44.4428	22.2214	38.4886	-44.4428	7.86751e-05	22.2212	-38.4886
-24.8752	44.8348	22.4174	38.8281	-44.8348	7.9369e-05	22.4172	-38.8281
-25.3752	45.2253	22.6126	39.1662	-45.2253	8.00603e-05	22.6125	-39.1663
-25.8752	45.6142	22.8071	39.5031	-45.6142	8.07489e-05	22.807	-39.5032
-26.3752	46.0017	23.0009	39.8387	-46.0017	8.14349e-05	23.0007	-39.8388
-26.8752	46.3878	23.1939	40.173	-46.3878	8.21182e-05	23.1937	-40.1731
-27.3752	46.7723	23.3862	40.506	-46.7723	8.2799e-05	23.386	-40.5061
-27.8752	47.1554	23.5777	40.8378	-47.1554	8.34772e-05	23.5776	-40.8379
-28.3752	47.5371	23.7686	41.1684	-47.5371	8.41529e-05	23.7684	-41.1685
-28.8752	47.9174	23.9587	41.4977	-47.9174	8.48261e-05	23.9586	-41.4978
-29.3752	48.2963	24.1482	41.8258	-48.2963	8.54969e-05	24.148	-41.8259
-29.8752	48.6738	24.3369	42.1528	-48.6738	8.61652e-05	24.3368	-42.1529
-30.3752	49.05	24.525	42.4785	-49.05	8.68311e-05	24.5248	-42.4786
-30.8752	49.4248	24.7124	42.8031	-49.4248	8.74946e-05	24.7123	-42.8032
-31.3752	49.7983	24.8991	43.1266	-49.7983	8.81557e-05	24.899	-43.1267
-31.8752	50.1704	25.0852	43.4489	-50.1704	8.88145e-05	25.0851	-43.449
-32.3752	50.5413	25.2706	43.77	-50.5413	8.9471e-05	25.2705	-43.7701
-32.8752	50.9108	25.4554	44.0901	-50.9108	9.01252e-05	25.4553	-44.0902
-33.3752	51.2791	25.6396	44.409	-51.2791	9.07772e-05	25.6394	-44.4091
-33.8752	51.6461	25.8231	44.7269	-51.6461	9.14269e-05	25.8229	-44.727
-34.3752	52.0119	26.0059	45.0436	-52.0119	9.20744e-05	26.0058	-45.0437
-34.8752	52.3764	26.1882	45.3593	-52.3764	9.27197e-05	26.188	-45.3594
-35.3752	52.7397	26.3699	45.6739	-52.7397	9.33628e-05	26.3697	-45.674
-35.8752	53.1018	26.5509	45.9875	-53.1018	9.40038e-05	26.5507	-45.9876
-36.3752	53.4627	26.7313	46.3	-53.4627	9.46426e-05	26.7312	-46.3001
-36.8752	53.8224	26.9112	46.6115	-53.8224	9.52794e-05	26.911	-46.6116
-37.3752	54.1809	27.0904	46.922	-54.1809	9.5914e-05	27.0903	-46.9221
-37.8752	54.5382	27.2691	47.2315	-54.5382	9.65466e-05	27.2689	-47.2316
-38.3752	54.8944	27.4472	47.5399	-54.8944	9.71771e-05	27.447	-47.54
-38.8752	55.2494	27.6247	47.8474	-55.2494	9.78056e-05	27.6245	-47.8475
-39.3752	55.6033	27.8017	48.1539	-55.6033	9.84321e-05	27.8015	-48.154
-39.8752	55.9561	27.9781	48.4594	-55.9561	9.90566e-05	27.9779	-48.4595
-40.3752	56.3078	28.1539	48.764	-56.3078	9.96792e-05	28.1537	-48.7641
-40.8752	56.6583	28.3292	49.0676	-56.6583	0.0001003	28.329	-49.0677
-41.3752	57.0078	28.5039	49.3702	-57.0078	0.000100918	28.5037	-49.3703
-41.8752	57.3562	28.6781	49.6719	-57.3562	0.000101535	28.6779	-49.672
-42.3752	57.7035	28.8518	49.9727	-57.7035	0.00010215	28.8516	-49.9728
-42.8752	58.0498	29.0249	50.2726	-58.0498	0.000102763	29.0247	-50.2727
-43.3752	58.395	29.1975	50.5715	-58.395	0.000103374	29.1973	-50.5716
-43.8752	58.7391	29.3696	50.8696	-58.7391	0.000103983	29.3694	-50.8697
-44.3752	59.0823	29.5411	51.1667	-59.0823	0.000104591	29.541	-51.1669
-44.8752	59.4244	29.7122	51.463	-59.4244	0.000105196	29.712	-51.4631
-45.3752	59.7655	29.8827	51.7584	-59.7655	0.0001058	29.8825	-51.7585
-45.8752	60.1055	30.0528	52.0529	-60.1055	0.000106402	30.0526	-52.053
-46.3752	60.4446	30.2223	52.3466	-60.4446	0.000107003	30.2221	-52.3467
-46.8752	60.7827	30.3914	52.6394	-60.7827	0.000107601	30.3912	-52.6395
-47.3752	61.1198	30.5599	52.9313	-61.1198	0.000108198	30.5597	-52.9314
-47.8752	61.456	30.728	53.2225	-61.456	0.000108793	30.7278	-53.2226
-48.3752	61.7912	30.8956	53.5127	-61.7912	0.000109386	30.8954	-53.5128
-48.8752	62.1254	31.0627	53.8022	-62.1254	0.000109978	31.0625	-53.8023
-49.3752	62.4587	31.2293	54.0908	-62.4587	0.000110568	31.2292	-54.0909
-49.8752	62.791	31.3955	54.3786	-62.791	0.000111156	31.3953	-54.3787
-50.3752	63.1224	31.5612	54.6656	-63.1224	0.000111743	31.561	-54.6658
-50.8752	63.4529	31.7265	54.9519	-63.4529	0.000112328	31.7263	-54.952
-51.3752	63.7825	31.8913	55.2373	-63.7825	0.000112911	31.8911	-55.2374
-51.8752	64.1112	32.0556	55.5219	-64.1112	0.000113493	32.0554	-55.522
-52.3752	64.4389	32.2195	55.8058	-64.4389	0.000114073	32.2193	-55.8059
-52.8752	64.7658	32.3829	56.0888	-64.7658	0.000114652	32.3827	-56.089
-53.3752	65.0918	32.5459	56.3712	-65.0918	0.000115229	32.5457	-56.3713
-53.8752	65.4169	32.7085	56.6527	-65.4169	0.000115805	32.7083	-56.6528
-54.3752	65.7411	32.8706	56.9335	-65.7411	0.000116379	32.8704	-56.9336
-54.8752	66.0645	33.0323	57.2135	-66.0645	0.000116951	33.0321	-57.2137
-55.3752	66.387	33.1935	57.4929	-66.387	0.000117522	33.1933	-57.493
-55.8752	66.7087	33.3543	57.7714	-66.7087	0.000118091	33.3541	-57.7715
-56.3752	67.0295	33.5148	58.0493	-67.0295	0.000118659	33.5146	-58.0494
-56.8752	67.3495	33.6747	58.3264	-67.3495	0.000119226	33.6745	-58.3265
-57.3752	67.6686	33.8343	58.6028	-67.6686	0.000119791	33.8341	-58.6029
-57.8752	67.987	33.9935	58.8784	-67.987	0.000120354	33.9933	-58.8786
-58.3752	68.3045	34.1522	59.1534	-68.3045	0.000120916	34.152	-59.1535
-58.8752	68.6212	34.3106	59.4277	-68.6212	0.000121477	34.3104	-59.4278
-59.3752	68.9371	34.4685	59.7013	-68.9371	0.000122036	34.4683	-59.7014
-59.8752	69.2522	34.6261	59.9741	-69.2522	0.000122594	34.6259	-59.9743
-60.3752	69.5665	34.7832	60.2463	-69.5665	0.00012315	34.783	-60.2464
-60.8752	69.88	34.94	60.5178	-69.88	0.000123705	34.9398	-60.5179
-61.3752	70.1927	35.0963	60.7887	-70.1927	0.000124259	35.0961	-60.7888
-61.8752	70.5046	35.2523	61.0588	-70.5046	0.000124811	35.2521	-61.0589
-62.3752	70.8158	35.4079	61.3283	-70.8158	0.000125362	35.4077	-61.3284
-62.8752	71.1262	35.5631	61.5971	-71.1262	0.000125912	35.5629	-61.5973
-63.3752	71.4359	35.718	61.8653	-71.4359	0.00012646	35.7177	-61.8654
-63.8752	71.7448	35.8724	62.1328	-71.7448	0.000127007	35.8722	-62.133
-64.3752	72.053	36.0265	62.3997	-72.053	0.000127552	36.0263	-62.3998
-64.8752	72.3604	36.1802	62.6659	-72.3604	0.000128096	36.18	-62.6661
-65.3752	72.6671	36.3335	62.9315	-72.6671	0.000128639	36.3333	-62.9316
-65.8752	72.973	36.4865	63.1965	-72.973	0.000129181	36.4863	-63.1966
-66.3752	73.2782	36.6391	63.4608	-73.2782	0.000129721	36.6389	-63.4609
-66.8752	73.5827	36.7914	63.7245	-73.5827	0.00013026	36.7911	-63.7246
-67.3752	73.8865	36.9432	63.9876	-73.8865	0.000130798	36.943	-63.9877
-67.8752	74.1896	37.0948	64.25	-74.1896	0.000131335	37.0946	-64.2502
