Equiv_Stress_1	Equiv_Stress_2	Equiv_Stress_3	Equiv_strain_1	Equiv_strain_2	Equiv_strain_3
0.725996	-1.10023	1.05011	0.00877501	1.00629	0
0.704535	-1.07824	1.03912	0.0176052	1.01207	-1.69407e-21
0.643899	-1.01614	1.00807	0.026595	1.01642	-1.69407e-21
0.55522	-0.925303	0.962652	0.0358291	1.01875	-1.69407e-21
0.453099	-0.820701	0.910351	0.0453614	1.01895	-1.69407e-21
0.351465	-0.716598	0.858299	0.0552101	1.01736	-3.38813e-21
0.260765	-0.623694	0.811847	0.0653597	1.01461	-5.0822e-21
0.186978	-0.548115	0.774058	0.0757679	1.01136	-5.0822e-21
0.131996	-0.491797	0.745899	0.0863774	1.00821	-5.0822e-21
0.094656	-0.45355	0.726775	0.0971283	1.00558	-5.0822e-21
0.071954	-0.430297	0.715148	0.107967	1.00365	-5.0822e-21
0.0601464	-0.418202	0.709101	0.118852	1.00243	-5.0822e-21
0.0556091	-0.413555	0.706777	0.129754	1.0018	-8.47033e-21
0.0553709	-0.413311	0.706655	0.140658	1.00158	-8.47033e-21
0.0573149	-0.415302	0.707651	0.151554	1.00161	-8.47033e-21
0.0601186	-0.418174	0.709087	0.162439	1.00177	-8.47033e-21
0.0630557	-0.421182	0.710591	0.173312	1.00198	-1.18585e-20
0.0657752	-0.423968	0.711984	0.184175	1.00218	-8.47033e-21
0.0681264	-0.426376	0.713188	0.195029	1.00236	-1.18585e-20
0.0700494	-0.428346	0.714173	0.205875	1.0025	-1.18585e-20
0.0715183	-0.42985	0.714925	0.216715	1.00259	-1.52466e-20
0.0725167	-0.430873	0.715437	0.227551	1.00262	-1.69407e-20
0.0730287	-0.431397	0.715699	0.238386	1.00259	-1.86347e-20
0.0730368	-0.431406	0.715703	0.24922	1.00249	-2.03288e-20
0.0725217	-0.430878	0.715439	0.260057	1.0023	-2.20229e-20
0.0714619	-0.429793	0.714896	0.270897	1.00203	-2.37169e-20
0.0698342	-0.428125	0.714063	0.281744	1.00166	-2.5411e-20
0.067614	-0.425851	0.712926	0.292599	1.00118	-2.87991e-20
0.0647747	-0.422943	0.711472	0.303466	1.00059	-2.87991e-20
0.0612885	-0.419372	0.709686	0.314346	0.99987	-3.21873e-20
0.0571256	-0.415108	0.707554	0.325243	0.999012	-3.21873e-20
0.0522548	-0.410119	0.705059	0.336159	0.998004	-3.55754e-20
0.0466432	-0.404371	0.702186	0.347097	0.996836	-3.38813e-20
0.040256	-0.397829	0.698914	0.358061	0.995494	-3.04932e-20
0.0330567	-0.390454	0.695227	0.369053	0.993965	-3.38813e-20
0.0250065	-0.382209	0.691104	0.380078	0.992236	-3.55754e-20
0.0160649	-0.37305	0.686525	0.391139	0.990293	-3.55754e-20
0.00618877	-0.362934	0.681467	0.40224	0.988118	-3.38813e-20
-0.00466714	-0.351814	0.675907	0.413385	0.985698	-3.04932e-20
-0.0165509	-0.339642	0.669821	0.42458	0.983013	-3.04932e-20
-0.0295132	-0.326365	0.663182	0.435829	0.980047	-3.04932e-20
-0.043608	-0.311927	0.655964	0.447138	0.976778	-3.38813e-20
-0.0588924	-0.296272	0.648136	0.458512	0.973188	-3.21873e-20
-0.0754274	-0.279335	0.639667	0.469957	0.969252	-3.21873e-20
-0.0932778	-0.261051	0.630525	0.48148	0.964949	-3.38813e-20
-0.112513	-0.241349	0.620674	0.493088	0.960252	-3.04932e-20
-0.133207	-0.220152	0.610076	0.50479	0.955133	-3.21873e-20
-0.155439	-0.197379	0.59869	0.516594	0.949564	-3.38813e-20
-0.179296	-0.172943	0.586472	0.528509	0.943511	-3.72694e-20
-0.204869	-0.146749	0.573374	0.540546	0.93694	-4.06576e-20
-0.232259	-0.118694	0.559347	0.552715	0.929813	-4.06576e-20
-0.261574	-0.088666	0.544333	0.565031	0.922088	-4.57398e-20
-0.292934	-0.0565445	0.528272	0.577506	0.913719	-4.57398e-20
-0.326468	-0.0221958	0.511098	0.590157	0.904655	-4.91279e-20
-0.36232	0.0145266	0.492737	0.603001	0.894839	-5.0822e-20
-0.400647	0.0537849	0.473108	0.616059	0.884209	-5.42101e-20
-0.441626	0.0957595	0.45212	0.629352	0.872694	-5.42101e-20
-0.485454	0.140652	0.429674	0.642908	0.860212	-5.42101e-20
-0.532353	0.18869	0.405655	0.656755	0.846674	-5.75982e-20
-0.582574	0.240132	0.379934	0.67093	0.831975	-6.09864e-20
-0.636408	0.295274	0.352363	0.685472	0.815991	-6.09864e-20
-0.694188	0.354458	0.322771	0.700432	0.798582	-5.75982e-20
-0.756305	0.418084	0.290958	0.715867	0.779579	-6.09864e-20
-0.823222	0.486626	0.256687	0.73185	0.758781	-6.09864e-20
-0.895495	0.560655	0.219673	0.74847	0.73594	-5.75982e-20
-0.973805	0.640867	0.179567	0.76584	0.710753	-5.75982e-20
-1.059	0.728134	0.135933	0.784107	0.682835	-5.75982e-20
-1.15217	0.823569	0.0882155	0.803467	0.651685	-6.09864e-20
-1.25476	0.928644	0.0356782	0.824192	0.616635	-6.77626e-20
-1.36872	1.04537	-0.0226875	0.846679	0.576757	-6.77626e-20
-1.4969	1.17667	-0.0883358	0.871544	0.530691	-7.11508e-20
-1.64369	1.32702	-0.163511	0.899834	0.476313	-7.11508e-20
-1.81651	1.50405	-0.252024	0.933601	0.409964	-8.47033e-20
-2.03005	1.72277	-0.361387	0.977985	0.324353	-9.14796e-20
-2.32177	2.02157	-0.510787	1.05579	0.200998	-1.18585e-19
-2.86263	2.57558	-0.787789	0.859295	-0.057916	-1.18585e-19
-3.79167	3.52719	-1.2636	0.831447	-0.440508	-1.18585e-19
-2.74347	2.45352	-0.72676	-0.0487154	1.13956	-1.18585e-19
9.50251	-10.0899	5.54497	-0.0462469	0.538409	-1.18585e-19
42.6055	-43.9972	22.4986	-0.0455817	-1.03558	-1.18479e-19
42.2958	-43.6798	22.3399	-0.0449119	-0.989714	-1.18479e-19
46.0054	-47.4796	24.2398	-0.0442932	-1.13298	-1.18585e-19
37.872	-39.1486	20.0743	-0.0435503	-0.725248	-1.18585e-19
77.1442	-79.3748	40.1874	-0.0431729	-2.48171	-1.18585e-19
12.0866	-12.7368	6.86841	-0.0411355	0.480781	-1.18585e-19
66.6954	-68.6722	34.8361	-0.0407012	-1.83069	-1.18585e-19
20.0875	-20.9321	10.966	-0.0393789	0.175848	-1.18373e-19
910.017	-932.48	466.74	-0.0393459	-36.2774	-1.18379e-19
-0.975751	0.64286	0.17857	-0.0219564	1.02173	-1.21768e-19
-1.07779	0.747375	0.126313	-0.00347939	1.00376	-1.25156e-19
-1.12212	0.792781	0.103609	0.0155137	0.982783	-1.28544e-19
-1.10054	0.77068	0.11466	0.0342521	0.963213	-1.28544e-19
-1.01111	0.679081	0.160459	0.0520037	0.949277	-1.3532e-19
-0.860029	0.524327	0.237837	0.0683049	0.943778	-1.3532e-19
-0.66527	0.324837	0.337581	0.0830528	0.947181	-1.38708e-19
-0.457215	0.111728	0.444136	0.0964383	0.957344	-1.40402e-19
-0.270371	-0.0796553	0.539828	0.108798	0.970336	-1.42096e-19
-0.128688	-0.22478	0.61239	0.12048	0.982304	-1.45485e-19
-0.0368765	-0.318822	0.659411	0.13176	0.991115	-1.45485e-19
0.0151787	-0.372142	0.686071	0.142824	0.996575	-1.48873e-19
0.0419485	-0.399562	0.699781	0.153781	0.999547	-1.50567e-19
0.0551366	-0.413071	0.706535	0.164685	1.00103	-1.48873e-19
0.06189	-0.419988	0.709994	0.175563	1.00176	-1.48873e-19
0.0658089	-0.424002	0.712001	0.186426	1.00215	-1.48873e-19
0.068443	-0.4267	0.71335	0.197278	1.00237	-1.48873e-19
0.070367	-0.428671	0.714336	0.208123	1.00252	-1.50567e-19
0.0717601	-0.430098	0.715049	0.218962	1.0026	-1.50567e-19
0.0726627	-0.431023	0.715511	0.229798	1.00262	-1.52261e-19
0.0730723	-0.431442	0.715721	0.240633	1.00257	-1.50567e-19
0.0729737	-0.431341	0.715671	0.251467	1.00245	-1.52261e-19
0.0723474	-0.4307	0.71535	0.262304	1.00225	-1.52261e-19
0.0711718	-0.429495	0.714748	0.273146	1.00196	-1.53955e-19
0.0694234	-0.427705	0.713852	0.283994	1.00157	-1.57343e-19
0.067077	-0.425301	0.712651	0.294852	1.00107	-1.59037e-19
0.0641059	-0.422258	0.711129	0.305721	1.00045	-1.57343e-19
0.0604818	-0.418546	0.709273	0.316605	0.999704	-1.59037e-19
0.0561747	-0.414134	0.707067	0.327505	0.998816	-1.62425e-19
0.0511531	-0.40899	0.704495	0.338426	0.997776	-1.67507e-19
0.0453836	-0.403081	0.70154	0.349369	0.996572	-1.67507e-19
0.038831	-0.396369	0.698185	0.360338	0.995193	-1.67507e-19
0.0314584	-0.388817	0.694409	0.371337	0.993624	-1.67507e-19
0.0232268	-0.380386	0.690193	0.382369	0.991852	-1.67507e-19
0.014095	-0.371032	0.685516	0.393437	0.989861	-1.67507e-19
0.00401953	-0.360712	0.680356	0.404547	0.987637	-1.67507e-19
-0.00704549	-0.349378	0.674689	0.415703	0.985163	-1.69201e-19
-0.0191486	-0.336981	0.66849	0.426909	0.982422	-1.7259e-19
-0.0323413	-0.323468	0.661734	0.438169	0.979394	-1.70896e-19
-0.0466779	-0.308783	0.654391	0.449491	0.976061	-1.74284e-19
-0.0622166	-0.292867	0.646433	0.460879	0.972401	-1.75978e-19
-0.0790189	-0.275656	0.637828	0.47234	0.968391	-1.75978e-19
-0.0971507	-0.257084	0.628542	0.48388	0.964008	-1.74284e-19
-0.116682	-0.237078	0.618539	0.495507	0.959226	-1.75978e-19
-0.137688	-0.215562	0.607781	0.507229	0.954016	-1.8106e-19
-0.16025	-0.192452	0.596226	0.519055	0.948349	-1.77672e-19
-0.184455	-0.167659	0.583829	0.530995	0.942192	-1.8106e-19
-0.210396	-0.141087	0.570544	0.543058	0.935509	-1.82754e-19
-0.238176	-0.112632	0.556316	0.555257	0.928262	-1.82754e-19
-0.267906	-0.0821809	0.54109	0.567604	0.920407	-1.82754e-19
-0.299705	-0.0496089	0.524804	0.580115	0.911898	-1.82754e-19
-0.333708	-0.0147804	0.50739	0.592804	0.902683	-1.82754e-19
-0.370059	0.022454	0.488773	0.605691	0.892704	-1.84448e-19
-0.408921	0.0622601	0.46887	0.618795	0.881896	-1.84448e-19
-0.450474	0.104822	0.447589	0.632141	0.870187	-1.86142e-19
-0.494919	0.150348	0.424826	0.645754	0.857495	-1.86142e-19
-0.542486	0.199069	0.400465	0.659667	0.843725	-1.82754e-19
-0.593431	0.251253	0.374374	0.673914	0.82877	-1.82754e-19
-0.648055	0.307203	0.346399	0.688538	0.812503	-1.82754e-19
-0.7067	0.367273	0.316364	0.703592	0.794779	-1.82754e-19
-0.769771	0.431877	0.284062	0.719134	0.775421	-1.86142e-19
-0.83775	0.501506	0.249247	0.735241	0.754221	-1.86142e-19
